41 114
4 5
4 6
5 6
1 9
2 9
4 9
3 10
5 10
10 12
9 13
4 14
8 14
9 15
10 16
7 17
11 17
3 18
5 18
17 18
1 19
2 19
6 19
13 19
15 19
2 20
11 21
5 22
7 22
2 23
3 23
5 23
12 23
21 23
9 24
16 24
9 25
12 25
18 25
21 25
24 25
5 26
9 26
16 26
2 27
14 27
17 27
22 27
2 28
7 28
10 28
19 28
23 28
10 29
15 29
23 29
28 29
2 30
15 30
21 30
26 30
8 31
12 31
19 31
28 31
29 31
5 32
29 32
30 32
3 33
28 33
4 34
6 34
1 35
3 35
26 35
13 36
15 36
16 36
17 36
21 36
22 36
29 36
34 36
35 36
1 37
8 37
18 37
24 37
29 37
34 37
7 38
16 38
24 38
33 38
1 39
5 39
18 39
23 39
31 39
33 39
1 40
2 40
12 40
22 40
24 40
38 40
39 40
5 41
7 41
8 41
14 41
23 41
34 41
39 41
