60 114
1 8
4 8
2 10
4 10
8 10
9 10
2 11
3 11
4 12
6 12
8 13
12 14
9 15
11 18
15 20
2 22
5 22
7 22
8 22
12 22
13 22
15 22
6 23
1 24
14 25
23 25
3 26
21 26
11 27
21 27
3 28
15 29
18 29
19 29
5 32
21 32
22 32
12 33
18 33
24 33
1 34
2 34
23 34
30 34
4 36
8 37
19 37
25 37
33 37
15 38
16 38
24 38
35 38
9 39
13 39
5 40
15 40
18 40
24 40
1 41
13 41
17 42
20 42
6 43
9 43
12 43
33 43
38 43
14 44
17 44
26 44
32 44
41 44
2 45
6 45
43 45
16 46
11 47
13 47
20 47
11 48
12 48
13 48
26 48
31 48
47 48
1 49
42 49
9 51
8 52
15 52
25 52
38 52
50 52
9 53
36 53
10 54
38 54
44 54
45 54
1 55
13 55
38 55
52 55
30 56
35 56
53 57
54 57
23 58
43 59
53 59
13 60
29 60
53 60
