149
131
7
156
160
65
5
157
38
136
86
112
84
132
92
124
73
116
113
25
81
9
135
107
20
85
121
139
110
144
1
93
148
142
133
143
128
99
69
37
51
90
70
74
145
67
50
111
72
47
55
62
36
66
120
79
75
95
114
103
87
52
26
13
3
54
46
151
39
43
77
49
18
44
57
97
71
100
56
11
21
122
88
12
33
14
61
101
102
42
105
64
32
158
78
109
76
104
15
119
63
89
123
98
91
108
24
150
147
29
48
45
83
59
159
115
153
152
137
35
27
82
28
60
154
146
19
127
31
58
2
80
16
10
23
125
41
22
34
8
155
94
138
17
30
126
53
106
134
130
68
118
117
96
141
4
6
129
140
40
