160 348
2 6
3 7
5 7
10 12
7 17
9 22
14 22
12 23
20 25
1 31
32 33
23 34
6 36
7 38
9 38
13 40
24 40
37 40
14 41
20 42
1 44
6 45
16 45
8 49
27 49
6 50
9 50
14 50
17 50
47 50
41 51
45 51
36 53
31 54
48 54
9 55
51 55
26 56
36 57
5 58
19 62
29 62
33 62
43 62
52 62
26 63
13 64
3 65
6 65
62 65
20 66
54 66
46 67
62 67
39 69
67 69
8 70
43 70
57 70
5 72
49 72
17 73
18 73
67 73
44 74
46 74
57 75
52 76
42 77
71 77
35 78
5 79
56 79
11 80
4 81
21 81
43 81
72 81
54 82
18 83
12 84
13 84
38 84
26 85
27 85
33 85
37 85
11 86
14 86
43 86
48 86
78 86
61 87
83 88
19 89
53 89
28 90
42 90
69 90
8 92
9 92
11 92
15 92
64 92
1 93
32 93
55 93
19 94
64 94
38 95
58 95
78 95
50 96
51 96
92 96
76 97
55 98
3 99
15 99
38 99
86 99
58 100
69 100
78 100
38 101
63 101
78 101
83 101
88 101
98 101
12 102
89 102
60 103
8 104
20 104
45 104
50 104
69 104
98 104
3 105
74 105
91 105
94 105
98 105
42 106
50 106
86 106
20 107
24 107
33 107
36 107
8 108
71 108
106 108
1 109
68 109
71 109
96 109
2 110
29 110
37 110
69 110
83 110
48 111
67 111
88 111
103 111
12 112
17 112
45 112
73 112
85 112
111 112
19 113
33 113
36 113
83 113
84 113
90 113
100 113
102 113
4 114
27 114
38 114
59 114
77 114
73 115
100 115
18 116
115 116
16 117
63 117
65 117
73 117
77 117
85 117
100 119
35 120
55 120
80 120
27 121
32 121
67 121
22 122
45 122
54 122
82 122
28 123
89 123
103 123
3 124
16 124
60 124
62 124
72 125
24 126
43 126
103 126
19 127
33 127
69 127
37 128
46 128
122 128
127 128
9 129
26 129
31 129
58 130
122 130
2 131
18 131
13 132
14 132
36 132
52 132
80 132
101 132
115 132
16 133
35 133
100 133
108 133
132 133
10 134
18 134
30 134
87 134
105 134
125 134
9 135
23 135
112 135
10 136
125 136
28 137
41 137
74 137
119 137
124 137
22 138
74 138
28 139
34 139
52 139
121 139
136 139
8 140
46 141
65 141
84 141
22 142
34 142
85 142
94 142
95 142
105 142
117 142
132 142
28 143
33 143
36 143
85 143
138 143
17 144
30 144
33 144
30 145
45 145
57 146
58 146
73 146
126 146
53 147
109 147
131 147
28 148
33 148
45 148
65 148
67 148
80 148
106 148
1 149
134 149
2 150
108 150
115 150
130 150
63 151
68 151
114 151
145 151
23 152
88 152
104 152
118 152
126 152
144 152
111 153
117 153
8 154
96 154
125 154
50 155
67 155
141 155
4 156
110 156
146 156
3 157
6 157
8 157
13 157
46 157
122 157
145 157
94 158
129 158
157 158
11 159
115 159
133 159
140 159
5 160
40 160
62 160
114 160
