19
120
163
158
103
131
73
164
40
153
136
70
180
57
20
112
143
1
140
39
67
173
185
168
80
8
161
189
132
169
172
50
10
157
126
45
190
41
104
141
42
4
91
127
36
142
59
96
100
32
83
63
166
74
27
187
55
116
61
167
21
181
52
128
90
105
29
114
72
12
121
69
148
98
159
81
171
99
122
174
76
108
188
154
186
68
147
110
49
25
113
109
152
97
15
48
33
16
78
95
117
146
5
56
85
130
92
118
179
88
125
6
93
176
94
58
43
26
66
2
89
137
156
64
170
35
44
51
184
106
115
111
18
47
138
11
107
135
182
31
101
86
134
151
150
102
87
37
34
160
144
60
165
177
123
82
155
54
75
46
71
178
149
7
133
53
124
24
30
3
77
119
22
145
79
84
17
162
9
13
62
139
14
129
23
175
65
183
28
38
