190 540
4 5
10 11
6 17
1 18
1 19
10 19
12 19
15 20
7 21
11 21
14 24
21 24
7 25
8 26
15 26
17 28
22 28
28 29
16 31
8 32
10 33
28 35
20 39
9 40
4 41
10 41
17 41
38 41
4 42
19 42
41 42
16 43
17 44
36 45
1 47
8 47
15 50
32 50
46 50
23 51
14 52
16 52
49 53
36 54
1 55
27 55
39 55
20 56
14 57
55 57
1 58
41 59
47 59
48 59
1 60
21 61
25 61
59 61
1 62
17 62
27 62
39 62
44 63
52 63
62 63
38 64
39 64
46 64
31 65
8 66
21 67
29 67
31 67
15 68
12 70
5 71
9 72
13 72
17 72
23 72
69 72
1 73
7 73
56 73
59 73
1 74
8 74
29 74
54 74
67 75
52 76
27 77
41 77
55 77
3 79
25 80
37 80
48 80
78 80
34 81
56 81
76 81
68 82
20 83
51 83
59 83
64 83
78 83
19 85
23 85
54 85
8 86
61 86
68 86
1 87
42 87
55 87
72 87
75 88
49 89
25 90
65 90
75 90
8 91
43 91
60 91
67 91
35 92
42 92
21 94
37 94
15 95
40 95
91 95
22 96
48 96
61 96
33 97
94 97
15 98
16 98
50 98
74 98
92 98
56 99
78 99
80 99
96 99
49 100
68 100
91 100
95 100
65 101
91 101
5 103
36 103
39 103
61 103
96 103
39 104
49 104
56 104
66 105
85 105
97 106
36 107
76 107
83 107
92 107
11 108
55 108
57 108
61 108
82 108
56 109
77 109
92 109
97 109
80 110
88 110
6 112
16 112
53 112
67 113
91 113
93 113
109 113
18 114
68 114
84 114
94 115
29 116
42 116
58 116
78 116
99 116
115 116
5 117
10 117
43 117
59 117
101 117
26 118
34 118
57 118
67 118
83 118
102 118
108 118
64 119
66 119
2 120
7 120
16 120
42 120
65 120
39 121
56 121
71 121
89 121
112 121
117 121
34 122
52 122
79 122
88 122
100 122
105 122
2 123
99 123
23 124
64 124
107 124
58 125
82 125
104 125
111 125
35 126
73 126
107 126
43 127
44 127
50 127
73 127
51 128
64 128
83 128
93 128
42 129
50 129
95 130
106 130
6 131
48 131
97 131
107 131
115 131
9 132
29 132
39 132
46 132
76 132
111 132
18 133
48 133
49 133
47 134
67 134
72 134
108 134
42 135
83 135
102 135
115 135
128 135
10 136
11 136
27 136
74 136
109 136
118 136
10 137
29 137
107 137
122 137
5 138
24 138
43 138
70 138
94 138
95 138
135 138
41 139
74 139
109 139
19 140
31 140
40 141
56 141
60 141
81 141
101 141
135 141
24 142
46 142
86 142
94 142
122 142
17 143
61 143
74 143
134 143
106 144
121 144
85 146
102 146
17 147
87 147
27 148
37 148
66 148
73 148
128 148
132 148
24 149
34 149
47 149
50 149
94 149
15 150
134 150
145 150
24 151
26 151
91 151
144 151
28 152
60 152
93 152
10 153
65 153
138 153
8 154
74 154
84 154
104 154
115 154
130 154
131 154
134 154
35 155
56 155
123 155
129 155
136 155
23 156
58 156
61 156
82 156
123 156
126 156
128 156
138 156
143 156
152 156
34 157
35 157
135 157
155 157
4 158
54 158
87 158
94 158
102 158
109 158
116 158
141 158
75 159
132 159
23 160
46 160
77 160
126 160
131 160
150 160
158 160
15 161
27 161
50 161
71 161
115 161
3 163
57 163
141 163
149 163
155 163
7 164
8 164
83 164
106 164
135 164
136 164
146 164
122 165
133 165
137 165
153 165
8 166
26 166
53 166
97 166
140 166
143 166
6 167
42 167
60 167
122 167
124 167
24 168
36 168
41 168
49 168
59 168
117 168
129 168
21 169
28 169
30 169
70 169
116 169
126 169
146 169
3 170
37 170
125 170
141 170
169 170
47 171
56 171
76 171
77 171
99 171
107 171
165 171
31 172
66 172
74 172
91 172
94 172
105 172
118 172
119 172
120 172
133 172
22 173
42 173
64 173
108 173
113 173
117 173
118 173
123 173
15 174
21 174
80 174
108 174
113 174
145 174
16 175
37 175
41 175
79 175
141 175
62 176
84 176
114 176
142 176
167 176
17 177
41 177
91 177
154 177
68 178
153 178
162 178
164 178
6 179
9 179
85 179
102 179
109 179
13 180
26 180
28 180
63 180
92 180
156 180
12 181
29 181
62 181
119 181
33 182
139 182
179 182
14 183
33 183
103 183
118 183
125 183
147 183
161 183
36 184
129 184
165 184
23 185
85 186
113 186
131 186
175 186
43 187
56 187
65 187
73 187
74 187
106 187
36 188
83 188
91 188
172 188
183 188
11 189
28 189
47 189
48 189
64 189
171 189
37 190
38 190
77 190
125 190
