393 1228
6 14
3 25
24 31
24 32
21 33
33 34
32 38
8 40
22 43
42 43
18 44
13 45
30 45
44 48
20 51
14 52
31 52
6 53
20 53
53 54
53 55
54 55
30 56
24 57
33 57
36 58
12 60
39 60
10 64
24 64
18 66
33 66
62 67
60 69
48 72
46 74
17 75
63 76
3 79
16 79
66 79
72 79
2 80
42 80
51 82
28 83
49 83
82 83
33 86
26 87
86 87
25 89
11 90
84 90
11 91
43 91
60 91
78 91
89 91
35 92
53 92
55 92
47 94
77 94
91 94
79 96
22 97
11 98
97 100
81 101
25 102
69 102
88 102
11 103
34 103
83 103
38 104
73 105
74 105
42 106
33 107
90 108
23 109
32 109
64 110
102 110
85 111
23 112
14 113
52 113
96 114
54 115
3 116
40 116
101 116
102 116
16 117
15 118
31 118
1 119
27 119
42 120
45 120
37 121
85 121
107 121
101 122
65 123
80 123
98 123
119 123
37 124
71 124
92 124
124 126
120 127
26 128
65 130
48 131
70 131
110 131
72 132
11 133
80 133
90 133
33 134
39 134
90 134
92 134
15 135
28 135
130 136
28 137
54 137
81 137
50 138
55 138
69 138
99 138
111 138
128 138
116 140
135 140
1 141
40 142
109 142
83 143
22 144
25 144
43 144
74 144
116 144
127 144
7 145
38 145
40 145
53 145
36 146
74 146
1 147
114 147
23 149
47 149
18 150
62 150
120 150
44 151
115 151
9 152
13 152
24 152
114 152
118 152
8 153
57 153
68 154
112 155
28 156
102 156
114 156
38 157
79 157
85 157
124 157
12 158
156 158
23 159
28 159
75 159
31 160
1 162
4 162
18 162
63 162
64 162
142 162
65 163
78 163
117 163
149 163
3 164
81 164
94 164
110 164
103 165
60 166
101 166
155 167
140 168
156 168
12 169
32 169
43 169
100 169
104 169
115 169
128 169
66 170
121 170
132 170
120 171
122 172
135 172
15 173
25 173
90 173
2 174
71 174
136 174
170 174
25 175
105 175
112 175
129 175
130 175
14 176
20 177
97 177
58 178
93 178
112 178
165 178
96 179
103 179
114 179
176 179
63 180
121 180
155 180
7 181
20 181
172 181
163 182
138 183
50 184
66 184
93 184
122 184
178 184
145 185
100 186
111 186
44 187
74 188
138 188
155 188
160 188
176 188
147 189
4 190
24 190
153 190
185 190
136 191
160 191
2 192
68 192
75 192
150 192
91 193
95 194
124 194
135 194
193 194
65 195
86 195
106 195
73 196
195 196
30 197
193 197
23 198
71 199
56 200
69 200
81 200
95 200
169 200
188 200
77 201
103 201
156 201
157 201
194 201
111 202
125 203
126 203
132 203
202 203
91 204
148 204
158 204
84 205
106 205
28 206
38 206
48 206
59 206
75 206
95 206
182 206
41 207
79 207
182 207
194 207
54 208
184 208
76 209
84 209
89 209
76 210
115 210
65 211
101 211
139 211
170 211
185 211
10 212
15 212
155 213
202 213
59 214
111 214
138 214
166 214
93 215
105 215
119 215
126 215
152 216
60 217
119 217
174 217
25 218
173 218
178 218
125 219
213 219
19 220
30 220
41 220
211 220
47 221
40 222
180 222
55 223
90 223
129 223
16 224
71 224
172 224
186 224
217 224
6 225
26 225
78 225
30 226
59 226
99 226
64 227
209 227
217 227
40 228
185 228
62 230
88 230
117 231
210 231
230 231
52 232
38 233
43 233
107 233
176 233
222 233
228 233
72 234
75 234
81 234
96 234
185 234
51 235
53 235
150 235
165 235
194 235
18 236
38 236
93 236
142 236
27 237
62 237
82 237
95 237
197 237
14 239
116 239
196 239
51 240
61 240
15 241
210 241
74 242
111 242
125 242
158 242
199 242
200 242
17 243
19 243
37 243
227 243
68 244
14 245
52 245
159 245
211 245
222 245
4 246
107 246
163 247
129 248
139 248
159 248
22 249
165 249
203 249
119 250
21 251
24 251
58 251
106 251
133 251
60 252
79 252
96 252
144 252
229 252
46 253
86 253
231 253
246 253
27 254
30 254
85 254
138 254
145 254
185 254
195 254
198 254
234 254
241 254
55 255
56 255
66 255
92 255
148 255
41 256
133 256
161 256
214 256
5 257
7 257
24 257
53 257
63 257
98 257
149 257
150 257
218 257
241 257
12 258
50 258
64 258
177 258
189 258
214 258
16 259
18 259
66 259
118 259
133 259
172 259
224 259
60 260
131 260
22 261
35 261
65 261
72 261
111 261
121 261
251 261
108 262
146 262
176 262
215 263
82 264
130 264
133 265
144 265
151 265
203 265
217 265
51 266
66 266
191 266
197 266
225 266
20 267
32 267
44 267
129 267
168 267
201 267
36 268
195 268
7 269
50 269
148 269
266 269
63 270
243 270
5 271
20 271
32 271
53 271
145 271
151 271
162 271
192 271
203 271
38 272
62 272
131 272
142 272
239 272
244 272
77 273
196 273
205 274
206 274
213 274
223 274
230 274
46 275
100 275
129 275
3 276
6 276
55 276
109 276
190 276
215 276
119 277
157 277
171 277
206 277
33 278
176 278
209 278
248 278
26 279
108 279
186 279
192 279
218 279
229 279
19 280
153 280
239 280
18 281
144 281
184 281
25 282
41 282
52 282
99 282
122 282
149 282
154 282
233 282
252 282
254 282
26 283
30 283
63 283
134 283
190 283
255 284
25 285
106 285
131 285
284 285
248 286
257 286
284 286
44 287
102 287
103 287
170 287
13 288
45 288
197 288
203 288
241 288
283 288
222 289
224 289
269 289
6 290
63 290
87 290
141 290
177 290
222 290
16 291
111 291
125 291
162 291
193 291
87 292
127 292
167 292
187 292
204 292
63 293
173 293
205 293
259 293
271 293
275 293
55 294
63 294
109 294
275 294
55 295
120 295
199 295
200 295
225 295
89 296
123 296
166 296
238 296
246 296
84 297
133 297
134 297
139 297
189 297
192 297
200 297
72 298
184 298
211 298
238 298
253 298
285 298
287 298
56 299
82 299
125 299
149 299
220 299
223 299
232 299
278 299
292 299
71 300
197 300
243 300
261 300
60 301
114 301
148 301
169 301
199 301
14 302
22 302
57 302
139 302
151 302
154 302
219 302
225 302
232 302
252 302
268 302
272 302
279 302
19 303
63 303
115 303
149 303
174 303
244 303
25 304
149 304
252 304
27 305
42 305
152 305
191 305
2 306
60 306
88 306
153 306
202 306
261 306
11 307
57 307
65 307
66 307
115 307
137 307
164 307
4 308
200 308
202 308
216 308
221 308
298 308
107 309
111 309
134 309
190 309
230 309
244 309
294 309
97 310
145 310
287 310
294 310
1 311
33 311
59 311
90 311
102 311
223 311
247 311
275 311
294 311
70 312
74 312
81 312
113 312
153 312
202 312
238 312
308 312
238 314
296 314
85 315
106 315
303 315
16 316
19 316
29 316
64 316
160 316
213 316
267 316
181 317
266 317
282 317
52 318
91 318
188 318
265 318
301 318
5 319
109 319
131 319
251 319
91 320
110 320
131 320
191 320
233 320
246 320
266 320
269 320
4 321
53 321
201 321
279 321
72 322
172 322
174 322
224 322
296 322
23 323
53 323
191 323
234 323
249 323
255 323
264 323
21 324
97 324
102 324
199 324
293 324
300 324
36 325
143 325
236 325
54 326
128 326
145 326
154 326
198 326
206 326
232 326
117 327
22 328
23 328
26 328
83 328
123 328
161 328
167 328
234 328
21 329
24 329
61 329
103 329
116 329
135 329
191 329
192 329
222 329
301 329
19 330
31 330
35 330
70 330
106 330
162 330
326 330
2 331
76 331
120 331
161 331
167 331
204 331
208 331
277 331
300 331
322 331
30 332
45 332
106 332
136 332
160 332
168 332
189 332
193 332
253 332
286 332
327 332
124 333
132 333
208 333
245 333
261 333
302 333
12 334
105 334
255 334
292 334
9 335
124 335
128 335
202 335
229 335
250 335
265 335
281 335
117 336
144 336
310 336
96 337
122 337
146 337
177 337
183 337
281 337
297 337
317 337
55 338
73 338
193 338
198 338
315 338
32 339
83 339
113 339
307 339
29 340
164 340
269 340
77 341
209 341
244 341
327 341
328 341
5 342
29 342
41 342
66 342
133 342
149 342
193 342
289 342
18 343
165 343
172 343
285 343
18 344
41 344
79 344
124 344
167 344
82 345
133 345
143 345
193 345
219 345
262 345
269 345
320 345
105 346
160 346
240 346
302 346
319 346
335 346
34 347
65 347
129 347
134 347
166 347
343 347
345 347
31 348
32 348
65 348
99 348
307 348
45 349
136 349
210 349
274 349
301 349
316 349
333 349
91 350
137 350
152 350
193 350
233 350
249 350
323 350
328 350
44 351
56 351
70 351
149 351
236 351
303 351
313 351
2 352
65 352
69 352
144 352
264 352
87 353
95 353
199 353
328 353
331 353
332 353
335 353
336 353
79 354
89 354
118 354
171 354
179 354
201 354
219 354
237 354
325 354
61 355
91 355
198 355
285 355
307 355
327 355
31 356
94 356
113 356
122 356
152 356
282 356
303 356
320 356
19 357
53 357
178 357
268 357
342 357
11 358
51 358
121 358
126 358
269 358
278 358
33 359
71 359
118 359
160 359
212 359
281 359
324 359
31 360
58 360
172 360
179 360
355 360
358 360
19 361
181 361
198 361
317 361
13 362
17 362
214 362
266 362
275 362
319 362
337 362
51 363
54 363
317 363
119 364
215 364
358 364
20 365
78 365
179 365
214 365
226 365
283 365
29 366
130 366
165 366
221 366
258 366
325 366
50 367
154 367
243 367
315 367
60 368
76 368
210 368
290 368
306 368
26 369
47 369
51 369
211 369
240 369
254 369
210 370
264 370
53 371
79 371
109 371
123 371
272 371
17 372
158 372
2 373
4 373
104 373
127 373
139 373
151 373
198 373
269 373
326 373
95 374
189 374
208 374
214 374
256 374
262 374
272 374
289 374
3 375
13 375
177 375
219 375
311 375
262 376
36 377
89 377
201 377
274 377
44 378
64 378
120 378
139 378
154 378
172 378
175 378
247 378
276 378
280 378
94 379
135 379
156 379
159 379
167 379
221 379
271 379
8 380
35 380
238 380
289 380
375 380
84 381
147 381
174 381
283 381
338 381
249 382
335 382
353 382
44 383
54 383
140 383
182 383
286 383
348 383
9 384
73 384
250 384
265 384
342 384
345 384
347 384
373 384
117 385
218 385
256 385
373 385
15 386
83 386
105 386
130 386
357 386
2 387
193 387
292 387
368 387
22 388
64 388
65 388
72 388
244 388
55 389
81 389
178 389
232 389
235 389
279 389
312 389
350 389
388 389
12 390
266 390
310 390
311 390
384 390
57 391
144 391
149 391
341 391
352 391
23 392
36 392
150 392
277 392
307 392
330 392
23 393
191 393
236 393
259 393
269 393
310 393
355 393
361 393
