162
192
79
190
257
53
145
40
335
64
90
334
152
239
135
316
362
44
330
365
324
144
393
251
175
328
119
206
340
332
348
24
57
103
261
392
121
157
134
116
282
106
233
48
349
253
369
72
83
258
20
318
55
326
389
299
391
178
311
301
355
67
270
110
347
170
62
154
200
312
124
234
338
146
159
63
273
91
371
133
164
237
49
297
111
87
353
102
25
223
43
255
236
379
194
179
100
11
226
169
166
88
201
373
386
205
309
279
32
131
202
23
356
96
303
329
163
259
217
295
85
337
80
344
242
203
120
26
248
65
260
333
256
39
28
191
81
128
211
383
290
272
345
74
38
36
1
204
304
18
271
118
306
302
188
158
277
372
75
359
331
291
247
3
343
101
155
156
104
66
354
322
15
2
112
278
375
165
176
222
7
207
138
281
228
224
292
160
374
283
305
68
350
193
196
195
300
254
71
56
321
213
126
148
84
274
182
54
76
115
245
10
219
59
263
308
227
385
125
41
366
180
129
186
266
99
209
185
252
231
230
52
320
323
51
93
27
314
280
61
288
199
37
388
14
107
378
139
22
384
319
229
86
241
92
214
98
177
293
60
35
376
215
370
151
390
168
357
50
243
5
142
77
377
46
6
171
33
108
19
184
122
381
286
298
284
310
45
342
141
16
187
173
109
225
246
189
287
220
197
114
232
174
149
42
153
339
216
294
336
275
238
351
296
367
267
363
265
346
269
4
172
264
97
143
198
341
161
21
70
208
30
132
105
9
117
183
73
307
29
327
289
285
167
82
240
34
31
136
137
313
69
382
325
360
113
268
364
212
58
181
13
317
358
78
221
315
387
47
210
123
17
127
95
380
262
89
276
94
8
147
249
140
250
218
130
368
244
235
12
352
150
361
