375 1005
3 20
9 23
6 34
3 35
24 36
3 38
15 38
36 41
32 42
36 43
10 45
26 45
1 46
41 46
25 51
42 51
47 52
45 53
16 54
38 54
55 60
17 62
44 62
20 63
55 67
8 69
22 69
44 69
55 69
16 71
38 71
43 75
23 77
31 77
59 77
65 78
25 79
9 84
61 84
65 84
40 85
10 86
64 86
83 86
16 87
32 88
42 88
72 88
25 90
18 91
26 91
69 92
79 93
90 93
21 96
30 96
31 97
58 98
65 100
70 100
47 101
94 103
86 104
94 104
16 105
73 106
16 107
61 107
99 108
21 109
22 109
36 109
99 109
21 110
37 110
57 110
61 110
81 110
22 111
7 113
25 113
40 113
75 114
8 115
42 115
15 117
112 117
7 118
74 118
6 119
9 119
23 119
52 119
91 119
47 120
110 120
61 121
116 121
45 122
68 122
65 123
112 123
43 124
73 124
80 124
15 125
16 127
13 128
24 128
41 128
73 128
10 129
48 129
84 129
87 129
15 130
23 130
117 130
5 131
39 131
74 131
11 132
16 132
74 132
131 132
97 133
104 133
113 133
55 134
97 134
121 134
36 138
39 138
116 138
132 138
81 139
99 139
109 139
50 140
79 140
117 140
120 140
17 141
27 141
75 141
113 141
133 142
24 143
58 143
21 144
126 144
16 145
123 145
140 145
66 146
20 147
23 147
49 147
82 147
94 147
34 148
39 148
62 148
96 148
9 149
17 149
119 149
133 149
141 149
8 150
84 150
139 150
39 151
50 151
58 152
117 152
148 152
23 153
56 153
2 154
97 154
153 154
104 155
72 157
12 158
69 158
32 159
5 160
36 160
127 160
10 161
62 161
85 161
2 162
43 162
103 162
110 162
20 163
137 164
43 165
100 165
116 165
126 165
132 165
140 165
22 166
32 166
117 167
123 167
30 168
47 168
119 168
57 170
81 170
139 170
69 171
144 171
167 171
122 172
130 172
167 172
20 173
62 174
129 174
114 176
33 178
67 178
80 178
91 178
98 178
9 179
82 179
34 180
151 180
120 181
149 181
157 181
162 181
138 182
177 182
12 183
68 183
62 184
72 184
77 184
97 184
99 184
151 184
11 185
33 185
125 185
175 185
95 186
134 186
76 187
176 187
38 188
120 188
92 190
146 190
159 190
87 191
116 191
132 191
171 191
103 192
174 192
44 193
174 193
167 194
187 194
26 195
53 195
60 195
58 196
110 196
4 197
107 197
118 197
133 197
36 198
38 198
149 198
186 198
189 198
60 199
14 200
68 200
78 201
102 201
114 201
45 202
155 202
161 202
24 203
116 203
199 203
13 204
20 204
125 204
112 206
30 207
116 207
184 208
22 209
45 209
49 209
71 209
87 209
191 209
53 210
56 210
77 210
104 210
113 210
6 211
37 211
52 211
141 211
23 212
31 212
113 212
126 212
85 213
192 213
193 213
46 214
114 214
152 214
197 214
205 214
34 215
94 215
200 215
75 216
13 217
38 217
126 217
14 218
19 218
118 218
192 218
56 219
76 219
105 219
173 219
194 219
84 220
128 220
12 221
113 221
26 222
136 222
157 222
217 222
9 223
67 223
139 223
157 223
161 223
40 224
205 224
82 225
109 226
140 226
142 226
147 226
192 226
212 226
125 227
144 227
162 227
10 228
116 228
160 228
12 229
67 229
127 229
198 229
71 230
148 230
170 231
206 231
213 231
81 232
107 232
112 232
136 232
146 232
225 232
65 233
80 233
7 234
142 234
146 234
160 234
187 234
207 234
138 235
168 235
223 235
98 236
101 236
133 236
203 236
111 237
4 238
233 238
82 239
108 239
185 239
64 240
183 240
4 241
49 241
127 241
12 242
149 242
150 242
203 242
147 243
148 243
180 243
242 243
7 244
64 244
184 244
233 244
56 246
66 246
67 246
133 246
197 246
201 247
233 247
2 248
186 248
236 248
97 249
105 249
18 250
109 250
172 250
86 251
201 251
228 251
10 253
98 253
138 253
189 253
250 253
100 254
209 254
239 254
245 254
254 255
1 256
224 256
238 256
95 257
102 257
197 257
219 257
17 258
20 258
189 258
209 258
235 258
29 259
80 259
113 259
168 259
186 259
3 260
240 260
70 261
82 261
129 261
189 261
8 262
11 262
71 262
74 262
99 262
115 262
119 262
123 262
69 263
76 263
212 263
213 263
67 264
87 264
185 264
187 264
205 264
208 264
48 265
177 265
222 265
243 265
86 266
94 266
152 266
88 267
120 267
167 267
174 267
193 267
243 267
5 268
238 268
88 269
135 269
138 269
141 269
187 269
18 270
53 270
84 270
225 270
3 271
30 271
267 271
28 272
262 272
270 272
4 273
30 274
152 274
178 274
247 274
257 274
261 274
273 274
189 275
237 275
248 275
106 276
131 276
139 276
143 276
203 276
22 277
188 277
235 277
271 277
19 278
34 278
40 278
67 278
111 278
124 278
182 278
199 278
13 279
73 279
233 279
3 280
14 280
131 280
229 280
77 281
80 281
43 282
170 282
201 282
231 282
8 283
20 283
29 283
31 283
58 283
224 283
240 283
266 283
9 284
47 284
59 284
61 284
83 284
175 284
24 285
174 285
210 285
248 285
43 286
63 286
91 286
136 286
158 286
151 287
171 287
65 288
189 288
286 288
42 289
139 289
266 289
169 290
9 291
19 291
45 291
74 291
97 291
104 291
160 291
280 291
29 292
105 292
244 292
280 292
281 292
83 293
158 293
251 293
78 294
80 294
152 294
160 294
164 294
264 294
288 294
47 295
107 295
156 295
196 295
210 295
248 295
44 296
82 296
134 296
189 296
251 296
293 296
15 297
21 297
66 297
159 297
243 297
293 297
4 298
16 298
175 298
50 299
146 299
181 299
295 299
94 300
98 300
282 300
19 301
41 301
142 301
162 301
244 301
293 301
102 302
189 302
231 302
57 303
90 303
101 303
244 303
16 304
37 304
118 304
248 304
47 305
66 305
174 305
1 306
97 306
188 306
257 306
167 307
188 307
239 307
246 307
259 307
181 308
218 308
247 308
264 308
288 308
84 309
138 309
212 309
283 309
22 310
25 310
95 310
141 310
8 311
13 311
53 311
109 311
241 311
261 311
117 312
120 313
201 313
203 313
232 313
266 313
278 313
60 314
87 314
226 315
250 315
255 315
24 316
143 316
161 316
231 316
238 316
11 317
110 317
174 317
195 317
206 317
261 317
3 318
67 318
78 318
131 318
153 318
155 318
232 318
28 319
293 319
15 320
25 320
35 320
179 320
198 320
264 320
308 320
164 321
166 321
292 321
56 322
210 322
242 322
306 322
40 323
57 323
109 323
129 323
172 323
211 323
256 323
258 323
321 323
60 324
105 324
173 324
47 325
116 325
284 325
286 325
317 325
199 326
322 326
24 327
63 327
86 327
178 327
197 327
206 327
290 327
126 328
289 328
129 329
318 329
323 329
31 330
81 330
119 330
121 330
206 330
302 330
4 331
14 331
34 331
136 331
167 331
197 331
279 331
5 332
67 332
127 332
265 332
318 332
268 333
41 334
170 334
185 334
209 334
216 334
164 335
292 335
295 335
325 335
101 336
118 336
254 336
5 337
190 337
318 337
35 338
43 338
156 338
241 338
303 338
15 339
87 339
230 339
267 339
44 340
49 340
52 340
160 340
182 340
222 340
232 340
331 340
26 341
139 341
202 341
286 341
335 341
135 342
153 342
232 342
299 342
31 343
47 343
54 343
145 343
208 343
237 343
88 344
123 344
208 344
74 345
83 345
101 345
151 345
258 345
304 345
32 346
44 346
166 346
199 346
66 347
94 347
129 347
202 347
330 347
44 348
71 348
129 348
332 348
78 349
118 349
135 349
281 349
298 349
25 350
54 350
97 350
132 350
175 350
276 350
348 350
178 351
234 351
256 351
116 352
185 352
191 352
253 352
58 353
156 353
304 353
157 354
164 354
237 354
37 355
250 355
21 356
42 356
117 356
193 356
213 356
270 356
301 356
317 356
341 356
344 356
42 357
52 357
88 357
137 357
147 357
284 357
329 357
330 357
341 357
352 357
76 358
109 358
247 358
276 358
131 359
175 359
190 359
192 359
256 359
291 359
319 359
63 360
87 360
96 360
275 360
320 360
9 361
102 361
208 361
143 362
164 362
153 363
204 363
211 363
284 363
38 364
133 364
230 364
333 364
335 364
18 365
75 365
83 365
103 365
245 365
296 365
345 365
43 366
117 366
126 366
137 366
149 366
194 366
214 366
90 367
116 367
138 367
279 367
329 367
58 368
187 368
220 368
230 368
268 368
310 368
9 369
15 369
56 369
121 369
154 369
158 369
218 369
270 369
283 369
20 370
68 370
73 370
103 370
163 370
277 370
31 371
167 371
186 371
191 371
311 371
5 372
35 372
49 372
76 372
99 372
160 372
276 372
312 372
317 372
269 373
50 374
82 374
206 374
252 374
354 374
369 374
127 375
133 375
355 375
