98 167
2 6
2 8
2 11
11 15
3 18
13 21
3 22
23 28
26 28
10 29
1 32
27 32
30 32
5 34
21 34
16 35
4 36
6 36
27 37
4 39
10 39
36 39
23 41
37 41
36 43
1 44
30 44
34 44
35 44
42 44
9 45
18 45
23 45
25 45
31 45
32 46
25 48
46 48
19 49
25 49
46 49
8 50
10 51
47 51
16 53
45 53
24 54
51 54
52 54
22 56
44 56
6 57
11 57
33 57
2 58
41 58
50 58
24 60
26 60
35 60
48 60
14 61
17 61
28 62
4 63
60 63
16 64
34 64
37 64
50 64
59 64
60 64
62 64
63 64
48 65
53 65
59 65
4 66
8 66
12 66
40 66
2 67
18 67
27 67
11 68
57 68
13 69
21 69
27 69
9 70
31 70
38 71
24 72
21 73
55 73
60 73
42 74
43 74
1 75
44 76
42 77
47 78
64 78
54 79
62 79
71 79
61 80
14 81
16 81
26 81
48 81
55 81
5 82
45 82
61 82
67 82
74 82
23 83
56 83
65 83
78 83
20 84
24 84
25 84
82 84
47 85
68 85
9 86
36 86
59 86
1 87
5 87
65 87
76 87
15 88
7 89
18 89
51 89
59 89
17 90
11 91
81 91
6 92
32 93
71 93
1 94
19 94
31 94
36 94
49 94
76 94
13 95
23 95
88 95
93 95
7 96
40 96
31 97
93 97
10 98
20 98
21 98
30 98
49 98
54 98
76 98
88 98
