191 454
5 9
6 13
11 13
14 16
3 17
15 19
3 20
2 22
2 26
3 27
18 27
8 30
13 32
28 32
16 34
26 34
15 37
26 38
30 39
13 40
5 41
7 43
7 44
8 44
6 46
9 46
45 46
8 50
7 51
37 52
40 53
44 53
43 54
2 58
36 58
31 59
58 60
31 61
7 62
49 63
53 63
55 63
28 64
33 64
35 64
37 64
55 64
59 64
61 66
7 67
8 67
4 68
27 68
33 68
48 68
8 70
32 70
65 70
9 72
24 72
42 72
65 72
71 72
27 73
71 73
65 74
33 75
55 75
7 76
26 76
28 76
68 76
23 77
54 77
66 77
3 78
54 78
39 79
42 79
63 79
29 80
30 80
51 80
34 81
12 82
42 82
32 83
19 85
20 85
83 85
7 86
42 86
61 86
73 87
84 87
11 88
31 88
33 88
63 88
69 88
59 89
38 90
50 90
15 91
63 91
70 91
31 92
62 92
67 92
16 93
51 93
21 94
23 94
16 95
24 95
29 95
62 95
77 96
2 97
49 98
16 99
67 99
85 99
39 100
56 102
76 102
81 102
95 102
25 103
76 103
2 104
37 104
48 104
69 104
15 105
31 105
34 105
73 105
76 105
14 106
19 106
22 106
5 107
56 107
81 107
11 108
31 108
21 109
81 109
14 110
40 110
69 110
85 110
89 110
6 111
37 111
48 113
21 114
40 114
60 114
13 115
48 115
71 115
67 116
114 116
73 117
74 117
78 117
17 118
57 118
69 118
83 118
111 118
14 119
1 121
4 121
3 122
33 122
95 122
115 122
50 123
57 123
3 124
52 124
56 124
84 124
99 124
112 124
37 125
118 126
45 127
5 128
108 128
122 128
59 129
72 129
16 130
40 130
87 130
4 131
14 131
30 131
48 131
25 132
32 132
51 132
95 132
103 132
43 133
101 133
9 134
18 134
66 134
105 134
114 134
64 135
82 135
93 135
44 136
80 136
26 137
62 137
77 137
62 138
30 139
45 139
60 139
81 139
82 139
89 139
121 139
16 140
42 140
61 140
122 140
137 140
48 141
84 141
96 141
127 141
138 141
27 142
62 142
77 142
119 142
125 142
108 143
111 143
60 144
107 144
36 145
40 145
45 145
124 145
126 145
45 146
89 146
129 146
79 147
99 147
48 148
57 148
99 148
108 148
142 148
4 149
53 149
57 149
143 149
31 150
56 150
71 150
97 150
117 150
1 151
15 151
39 151
45 151
62 151
71 151
113 151
17 153
134 153
38 154
119 154
124 154
131 154
59 155
85 155
140 155
39 156
44 156
74 156
84 156
119 156
71 157
39 158
115 158
124 158
146 158
31 159
81 159
82 159
105 159
3 160
30 160
61 160
66 160
102 160
128 160
3 161
28 161
51 161
69 161
131 161
15 162
51 162
91 162
109 162
139 162
31 163
126 163
134 163
138 163
109 164
114 164
133 164
152 164
44 165
115 165
143 165
159 165
14 166
92 166
94 166
107 166
114 166
117 166
153 166
90 167
39 168
88 168
100 168
132 168
28 169
57 169
71 169
78 169
154 169
30 170
78 170
146 170
14 171
21 171
29 171
30 171
41 171
62 171
66 171
111 171
143 171
151 171
152 171
22 172
52 172
97 172
105 172
135 172
137 172
30 173
66 173
171 173
15 174
135 174
145 174
34 175
41 175
110 175
49 176
80 176
151 176
169 176
35 177
41 177
101 177
129 177
150 177
153 177
175 177
48 178
84 178
97 178
8 179
77 179
115 179
127 179
150 179
153 179
70 180
94 180
136 180
21 181
23 181
75 181
145 181
157 181
51 182
74 182
120 182
66 183
105 183
156 183
173 183
10 184
42 184
173 184
128 185
150 185
162 185
64 186
122 186
167 186
180 186
2 187
31 187
79 187
94 187
103 187
156 187
162 187
84 188
96 188
106 188
126 188
158 188
171 188
175 188
41 189
81 189
154 189
155 189
167 189
24 190
59 190
79 190
87 190
108 190
58 191
64 191
67 191
90 191
104 191
133 191
145 191
