113 303
4 5
1 10
8 10
4 11
13 14
3 22
17 22
7 23
22 23
12 24
2 25
24 26
18 27
20 28
2 29
4 29
6 29
24 29
8 30
20 30
24 30
2 31
11 33
25 33
8 34
29 34
28 35
8 36
9 36
25 36
35 36
14 38
29 38
32 38
36 38
37 40
9 41
33 41
8 42
25 42
16 43
18 43
41 43
22 44
43 44
21 45
26 45
30 45
1 46
26 46
34 46
19 47
31 47
3 49
9 49
20 49
25 49
38 49
38 51
31 54
33 54
20 55
31 55
34 55
49 55
50 55
18 56
25 56
27 56
55 57
56 57
30 58
40 58
54 58
29 59
33 59
35 59
38 59
57 59
2 60
18 60
20 60
33 60
51 61
55 61
6 62
8 62
17 62
32 62
10 63
37 63
18 64
20 64
27 64
44 64
17 65
38 65
61 65
1 66
32 66
25 67
36 67
41 67
52 67
53 67
58 67
51 68
32 69
43 69
63 69
67 69
4 70
14 70
56 70
19 71
41 71
5 72
11 72
54 72
35 73
36 73
66 73
69 73
72 73
25 74
32 74
43 74
56 74
31 75
32 75
35 75
42 75
16 76
19 76
34 76
49 76
13 77
25 77
32 77
40 77
47 77
49 77
35 78
39 79
10 80
18 80
40 80
50 80
64 80
78 80
38 81
50 81
55 81
63 81
14 82
23 82
36 82
1 83
18 83
23 83
43 83
48 83
74 83
15 84
24 84
27 84
36 84
38 84
54 84
18 85
21 85
29 85
58 85
8 86
23 86
31 86
33 86
37 86
2 87
60 87
23 88
28 88
30 88
45 88
6 89
18 89
26 89
27 89
28 89
66 89
87 90
16 91
30 91
40 91
73 91
10 92
25 92
33 92
49 92
89 92
26 93
34 93
35 93
53 93
58 93
11 94
23 94
33 94
39 94
40 94
54 94
82 94
20 95
21 95
59 95
23 96
40 96
61 96
65 96
93 96
30 97
45 97
53 97
48 98
66 98
89 98
92 98
1 99
17 99
55 99
69 99
70 99
78 99
93 99
32 100
59 100
61 100
89 100
42 101
50 101
96 101
23 102
65 102
92 103
95 103
18 104
44 104
52 104
92 104
13 105
19 105
26 105
71 105
74 105
94 105
95 105
11 106
13 106
18 106
39 106
51 106
69 106
26 107
47 107
67 107
76 107
78 107
81 107
4 108
26 108
40 108
69 108
83 108
105 108
12 109
24 109
29 109
33 109
64 109
75 109
100 109
106 109
23 110
43 110
48 110
71 110
83 110
25 111
46 111
78 111
79 111
94 111
105 111
28 112
46 112
66 112
81 112
111 112
52 113
84 113
89 113
98 113
107 113
