349
276
634
528
183
50
336
392
35
20
6
521
416
404
558
458
579
475
26
352
304
419
393
437
131
581
383
373
53
632
335
229
239
498
191
132
631
40
341
254
639
371
313
15
423
618
459
344
731
482
135
582
156
204
262
236
361
133
103
321
590
598
424
316
286
629
517
107
44
369
726
4
710
346
425
465
231
139
485
551
16
34
525
47
180
585
30
251
678
699
249
64
399
707
412
406
422
246
57
643
195
284
428
318
10
297
345
326
449
123
144
715
19
703
696
644
225
434
538
59
440
636
400
22
728
38
608
526
380
667
279
535
58
88
673
149
389
550
283
471
69
627
488
111
496
668
597
549
170
221
560
207
669
303
662
61
197
593
529
181
55
51
79
148
456
734
640
600
212
323
175
689
552
250
426
2
310
693
270
121
653
273
461
95
536
338
730
104
348
586
129
530
490
497
460
733
298
720
464
93
199
695
397
224
78
547
206
606
257
235
524
56
575
700
737
296
555
725
337
508
480
702
729
736
625
476
351
511
501
282
75
265
98
514
36
403
413
573
33
523
67
607
664
633
368
174
569
154
91
442
717
580
302
435
587
711
209
651
39
395
692
722
347
211
431
503
495
128
637
727
65
218
564
278
432
87
287
274
561
322
334
147
259
534
189
192
307
671
292
492
735
712
588
470
647
216
52
649
672
73
592
253
468
21
494
363
447
233
450
473
266
150
43
462
675
32
377
155
354
602
60
168
366
136
557
553
665
317
409
713
219
690
500
364
357
396
370
384
658
666
454
642
179
48
37
542
263
264
220
589
232
171
141
319
601
613
660
281
477
571
427
228
543
172
226
577
385
27
244
562
328
387
28
355
721
372
381
12
63
260
466
29
360
158
367
654
609
342
353
402
516
8
277
546
267
391
134
429
628
201
160
390
280
448
217
163
624
159
329
646
401
565
237
407
684
118
452
706
3
620
532
626
177
333
305
583
478
430
294
578
682
275
611
512
635
114
24
605
408
441
127
411
193
595
716
203
617
650
109
487
162
76
732
241
567
165
151
200
125
559
533
314
604
436
439
510
714
86
548
256
140
638
108
568
18
659
359
445
240
258
719
169
137
723
663
188
378
290
138
481
596
652
657
25
661
146
194
308
531
343
362
570
493
522
379
724
81
489
288
574
255
398
386
451
641
166
591
545
176
248
520
504
152
214
83
222
153
418
499
120
655
421
223
324
230
698
72
119
483
612
648
469
375
443
438
394
388
527
374
704
80
173
610
630
227
365
563
90
687
376
164
234
13
309
100
656
455
245
102
502
68
686
238
1
537
124
467
143
17
405
46
14
453
718
479
311
679
293
645
420
31
301
486
446
444
491
507
62
705
289
509
320
670
463
515
208
23
325
544
213
433
540
356
680
697
74
556
94
683
145
382
101
77
350
623
82
142
99
66
554
190
681
584
272
9
122
269
472
41
167
45
519
691
116
113
410
417
541
242
685
285
261
96
505
182
566
184
339
84
70
619
295
7
243
327
340
130
161
300
603
247
299
115
312
315
11
701
89
268
614
185
674
202
415
616
572
117
306
271
694
187
5
178
54
331
97
615
205
92
576
677
474
110
594
414
688
157
709
708
126
332
186
42
513
112
106
358
210
599
198
330
85
484
506
539
71
105
622
621
518
49
252
196
215
291
457
676
