737 2432
6 11
12 16
10 20
22 23
1 26
19 26
9 35
6 37
38 40
10 41
15 44
37 45
2 49
6 50
29 53
16 54
42 57
32 58
55 59
28 63
35 64
4 68
44 69
15 71
4 72
21 72
54 73
63 73
46 76
26 79
42 79
16 81
34 82
34 83
64 83
47 84
30 87
60 90
50 92
64 92
74 94
40 95
2 96
39 96
66 97
42 98
57 99
59 103
99 103
10 105
11 105
42 107
48 107
68 107
55 108
76 108
91 109
5 112
19 113
60 113
71 115
87 116
6 118
89 118
5 119
26 119
19 120
59 120
25 121
23 123
24 123
28 123
110 123
22 124
6 126
12 126
38 126
114 127
72 129
87 130
115 130
25 131
74 131
36 132
117 132
124 132
58 133
88 134
51 135
64 135
106 137
69 138
78 139
116 139
122 139
69 141
117 141
47 144
111 144
58 145
103 145
23 147
67 147
83 148
117 149
136 149
42 152
33 153
50 153
38 155
35 156
53 156
61 156
64 156
3 157
132 157
48 159
115 159
6 161
55 161
51 162
148 162
25 163
79 163
148 164
155 165
102 166
132 166
19 168
144 168
99 169
135 170
149 170
30 174
135 175
171 175
2 176
93 177
135 178
48 180
85 180
121 180
62 181
146 181
160 181
134 182
179 182
5 183
152 183
158 183
28 184
95 184
38 186
175 186
13 188
104 188
151 189
35 191
129 191
45 192
40 194
57 194
75 194
22 195
101 195
165 195
184 195
157 196
124 197
157 197
164 197
58 198
95 198
93 200
199 201
194 202
10 203
40 203
201 203
53 204
54 204
68 204
78 205
180 205
112 206
182 206
152 207
206 207
4 208
89 208
139 208
19 209
21 209
63 209
69 209
19 210
88 211
56 212
169 212
186 212
198 213
78 214
107 214
163 214
38 215
166 215
124 217
113 218
73 221
150 221
177 221
15 222
37 222
142 222
55 223
206 223
71 224
204 224
117 225
51 226
110 226
63 227
152 228
225 228
32 229
50 231
75 231
77 231
100 231
12 232
75 232
31 233
86 233
98 233
224 233
6 235
36 235
66 235
75 235
210 235
56 236
220 236
102 237
113 237
129 237
225 237
7 238
72 238
87 238
178 238
193 238
199 238
208 238
33 239
74 239
95 239
151 239
194 239
5 240
67 241
117 241
104 242
203 242
85 243
152 243
2 244
42 244
224 244
46 245
96 245
197 245
199 245
98 246
151 246
174 246
56 247
113 248
154 248
60 249
91 249
144 249
46 250
96 250
174 250
88 251
64 252
91 252
69 253
40 254
65 254
104 254
148 254
23 255
107 255
143 255
75 256
105 256
127 256
196 257
209 257
225 257
100 258
4 259
39 259
51 261
144 261
219 261
235 261
55 262
249 262
67 263
73 263
204 263
112 264
148 264
211 264
26 265
43 265
232 265
239 265
115 266
39 267
51 268
128 268
178 268
30 269
179 270
65 271
107 271
204 271
85 272
87 272
113 272
159 272
218 272
4 273
182 273
15 274
84 274
2 276
36 276
37 276
87 276
265 276
15 277
78 277
110 278
274 278
79 279
131 279
209 279
101 280
242 280
123 281
235 281
249 281
30 282
147 282
230 282
90 283
139 283
183 283
259 283
102 284
202 284
256 284
276 284
189 285
15 286
65 286
87 286
140 286
192 286
146 287
202 287
277 287
51 289
69 289
106 289
234 290
249 291
2 292
67 292
85 292
204 292
289 292
106 293
126 294
221 294
6 295
44 295
71 296
186 296
202 296
216 296
292 296
52 297
106 297
197 298
218 298
239 298
246 298
162 299
34 300
65 300
72 300
73 300
108 300
118 300
151 300
3 301
131 301
133 301
177 302
253 302
154 303
274 303
21 304
200 304
36 305
163 305
268 306
11 307
96 307
287 307
139 308
233 308
280 308
146 310
177 310
180 310
193 310
147 311
266 311
150 312
251 312
43 313
106 313
241 313
59 314
61 314
32 316
64 316
110 316
206 316
20 317
60 318
104 318
155 318
242 318
16 319
66 319
83 319
286 319
30 320
98 320
60 321
91 321
119 321
168 322
280 322
318 322
4 323
147 323
170 323
6 324
136 324
133 325
108 326
130 326
212 326
308 326
175 328
317 328
79 329
122 330
219 331
250 331
195 333
290 333
317 333
35 334
281 334
22 335
31 335
44 335
104 335
213 335
215 335
7 336
52 336
245 336
117 337
219 337
70 338
186 338
206 338
209 338
224 338
15 340
107 340
115 340
207 340
39 341
262 341
71 342
273 342
179 343
48 344
37 345
51 345
107 345
74 346
92 346
142 346
175 346
198 346
16 347
94 347
139 347
263 347
283 347
106 348
189 348
241 348
264 348
1 349
57 349
166 349
220 349
337 349
86 350
108 350
227 351
229 351
232 351
256 351
20 352
171 352
226 352
337 352
33 353
92 353
96 353
141 353
302 354
319 354
348 354
43 355
286 355
336 355
343 355
198 356
200 356
304 356
326 356
315 357
335 357
144 358
254 358
281 358
336 358
79 359
64 360
66 360
170 360
45 361
57 361
232 361
228 362
16 363
87 363
144 363
150 363
306 363
310 363
68 364
172 364
255 364
334 364
8 365
119 365
186 365
205 365
226 365
171 366
247 366
323 366
10 367
62 367
181 367
284 367
333 367
27 368
141 368
245 368
34 369
70 369
93 369
148 369
244 369
44 370
114 370
215 370
337 370
367 370
42 371
76 371
199 371
328 371
222 372
249 372
28 373
180 373
347 373
270 374
355 374
104 375
215 375
91 376
351 376
372 376
27 377
131 377
284 377
317 377
375 377
4 378
12 378
104 378
63 379
114 379
251 379
264 379
346 379
129 380
140 380
174 380
260 380
298 380
356 380
300 381
377 381
29 382
188 382
27 383
61 383
81 383
127 383
219 383
360 383
10 384
158 384
252 384
338 384
16 385
367 385
321 386
58 387
372 387
132 388
254 388
303 388
342 388
137 389
353 389
361 389
47 390
78 391
194 391
228 391
8 392
15 392
50 392
141 392
145 392
149 392
23 393
33 393
52 393
194 393
256 393
277 393
330 393
375 393
48 394
121 394
260 395
265 395
267 395
51 396
336 396
391 396
50 397
134 397
203 397
263 397
177 398
348 398
381 398
93 399
173 399
273 399
311 399
391 399
75 400
123 400
201 400
299 400
374 400
160 401
174 401
190 401
300 401
326 401
19 402
236 402
390 402
60 403
73 403
236 403
280 403
14 404
27 404
56 404
87 404
4 405
62 405
141 405
202 405
217 405
36 406
96 406
163 406
275 406
291 406
31 407
129 407
292 407
53 408
159 408
235 408
320 408
58 409
160 409
329 409
367 409
80 410
91 410
167 410
251 410
279 410
297 410
35 411
401 411
95 412
182 412
198 412
279 412
105 413
159 413
237 413
263 413
327 413
179 414
407 414
25 415
49 415
104 415
270 415
283 415
367 415
375 415
13 416
106 416
118 416
256 416
382 416
278 417
281 417
323 417
247 418
314 418
3 419
22 419
94 419
402 419
87 420
98 420
44 421
289 421
97 422
107 422
195 422
207 422
393 422
45 423
50 423
92 423
113 423
177 423
217 423
345 423
63 424
134 424
137 424
155 424
328 424
333 424
63 425
75 425
121 425
223 425
305 425
370 425
372 425
138 426
175 426
201 426
306 426
339 426
10 427
361 427
372 427
54 428
103 428
7 429
294 429
361 429
398 429
406 429
88 430
330 430
408 430
428 430
36 431
246 431
265 431
290 431
373 431
43 432
72 432
91 432
275 432
334 432
8 433
280 433
304 433
12 434
118 434
239 434
256 434
327 434
366 434
398 434
156 435
254 435
345 435
357 435
387 435
18 436
114 436
203 436
271 436
348 436
1 437
12 437
24 437
100 437
270 437
397 437
195 438
310 439
392 439
408 439
92 440
121 440
142 440
270 440
313 440
370 440
5 441
127 441
357 441
440 441
250 442
395 442
411 442
441 442
120 443
122 443
178 443
182 443
193 443
294 443
317 443
64 445
297 445
99 446
123 446
160 446
203 446
50 447
63 447
174 447
249 447
307 447
392 447
285 448
404 448
439 448
103 449
109 449
241 449
21 450
59 450
166 450
309 450
162 451
172 451
219 451
12 452
76 452
218 452
417 452
362 453
12 454
241 454
341 454
357 454
361 454
448 454
165 455
206 455
249 455
255 455
100 456
165 456
376 456
151 457
237 457
348 457
452 457
16 458
98 458
200 458
201 458
47 459
125 459
159 459
223 459
283 459
303 459
341 459
346 459
44 460
151 460
195 460
287 460
143 461
183 461
235 461
257 461
269 461
438 461
222 462
314 462
354 462
92 463
221 463
199 464
328 464
436 464
19 465
76 465
147 465
439 465
449 465
21 466
381 466
351 467
12 468
86 468
262 468
303 468
317 468
129 469
403 469
72 470
256 470
294 470
340 470
364 470
439 470
451 470
136 471
140 471
162 471
163 471
373 471
153 472
200 472
108 473
274 473
310 473
18 475
33 475
435 475
442 475
457 475
4 476
43 476
226 476
260 476
269 476
65 477
74 477
124 477
235 477
249 477
279 477
334 477
359 477
233 478
427 478
445 478
240 479
426 479
152 480
221 480
258 480
262 480
302 480
317 480
387 480
356 481
50 482
123 482
169 482
259 482
137 483
224 483
363 483
468 483
2 484
79 485
215 485
277 485
188 486
233 486
378 487
406 487
450 487
461 487
143 488
181 488
290 488
335 488
358 488
429 488
138 489
254 489
193 490
231 490
440 490
481 490
24 491
77 491
93 491
118 491
180 491
226 491
348 491
71 492
207 492
290 492
357 492
482 492
27 493
25 494
305 494
86 495
163 495
246 495
267 495
9 496
145 496
146 496
249 496
272 496
278 496
86 497
194 497
246 497
412 497
34 498
107 498
119 498
146 498
308 498
364 498
175 499
323 499
368 499
146 500
267 500
297 500
333 500
343 500
495 500
61 501
121 501
229 501
265 501
308 501
362 501
401 501
447 501
398 502
50 503
126 503
169 503
223 503
266 503
465 503
493 503
75 504
169 504
177 504
30 505
36 505
79 505
95 505
316 505
379 505
386 505
9 506
286 506
433 506
32 507
81 507
89 507
254 507
114 508
220 508
251 508
368 508
391 508
463 508
489 508
108 509
138 509
288 509
357 509
376 509
445 509
476 509
24 510
104 510
119 510
401 510
466 510
224 511
228 511
255 511
327 511
450 511
466 511
32 512
398 512
434 512
452 512
43 513
179 513
220 513
386 513
234 514
366 514
372 514
451 514
85 515
225 515
86 516
166 516
309 516
391 516
452 516
67 517
78 517
89 517
200 517
300 517
33 519
169 519
176 519
248 520
425 520
432 520
12 521
104 521
165 521
219 521
237 521
277 521
367 521
427 521
520 521
123 522
302 522
504 522
63 523
78 523
152 523
240 523
482 523
211 524
214 524
222 524
394 524
430 524
22 525
83 525
204 525
210 525
330 525
497 525
128 526
222 526
380 526
405 526
473 526
104 527
148 527
153 527
188 527
4 528
44 528
58 528
150 528
256 528
355 528
417 528
418 528
159 529
249 529
389 529
499 529
120 530
192 530
197 530
225 530
240 530
252 530
352 530
93 531
316 531
346 531
391 531
499 531
506 531
163 532
411 532
421 532
96 533
223 533
263 533
307 533
461 533
521 533
187 534
284 534
324 534
132 535
230 535
342 535
372 535
185 536
231 536
265 536
481 536
72 537
121 537
147 537
252 537
60 538
95 538
119 538
89 539
107 539
252 539
462 539
483 539
56 540
4 541
230 541
370 541
211 542
346 542
348 542
469 542
166 543
363 543
373 543
375 543
396 543
448 543
290 544
443 544
487 544
246 545
438 545
459 545
518 545
542 545
53 546
104 546
275 546
323 546
375 546
394 546
461 546
470 546
481 546
34 547
147 547
186 547
206 547
337 547
388 547
83 548
266 548
469 548
519 548
527 548
83 549
148 549
366 549
374 549
450 549
135 550
138 550
254 550
306 550
335 550
360 550
407 550
420 550
429 550
462 550
496 550
508 550
5 551
80 551
146 551
319 551
329 551
338 551
455 551
498 551
543 551
26 552
173 552
183 552
193 552
195 552
212 552
75 553
126 553
288 553
326 553
392 553
179 554
319 554
325 554
494 554
525 554
50 555
217 555
227 555
290 555
376 555
411 555
144 556
167 556
365 556
547 556
78 557
129 557
140 557
223 557
325 557
337 557
389 557
15 558
90 558
124 558
204 558
290 558
295 558
485 558
554 558
75 559
147 559
455 559
460 559
464 559
151 560
274 560
297 560
340 560
376 560
469 560
15 561
83 561
135 561
164 561
279 561
454 561
132 562
211 562
234 562
288 562
370 562
13 563
165 563
233 563
557 563
187 564
273 564
309 564
316 564
100 565
135 565
412 565
531 565
12 566
107 566
10 567
71 567
241 567
356 567
455 567
245 568
283 568
338 568
465 568
474 568
478 568
102 569
189 569
247 569
401 569
158 570
214 570
218 570
316 570
427 570
502 570
549 570
68 571
80 571
230 571
360 571
373 571
559 571
171 572
192 572
361 572
396 572
552 572
217 573
238 573
274 573
302 573
304 573
365 573
393 573
403 573
1 574
203 574
510 574
9 575
97 575
213 575
379 575
380 575
390 575
491 575
537 575
11 576
17 576
124 576
144 576
372 576
473 576
131 577
316 577
366 577
459 577
467 577
559 577
576 577
30 578
138 578
143 578
250 578
363 578
430 578
466 578
17 579
68 579
114 579
116 579
341 579
76 580
252 580
263 580
405 580
502 580
567 580
26 581
46 581
79 581
91 581
102 581
273 581
449 581
558 581
580 581
14 582
52 582
333 582
363 582
435 582
469 582
119 583
125 583
173 583
214 583
223 583
426 583
453 583
472 583
501 583
551 583
581 583
396 584
23 585
86 585
220 585
254 585
460 585
479 585
490 585
34 586
95 586
105 586
190 586
195 586
311 586
367 586
522 586
73 587
255 587
281 587
389 587
437 587
458 587
471 587
575 587
582 587
162 588
293 588
414 588
123 589
307 589
308 589
350 589
369 589
458 589
583 589
5 590
61 590
123 590
169 590
395 590
420 590
501 590
510 590
31 591
424 591
517 591
102 592
301 592
338 592
481 592
517 592
158 593
246 593
247 593
315 593
418 593
451 593
464 593
486 593
137 594
446 594
16 595
20 595
206 595
216 595
444 595
459 595
228 596
482 596
491 596
517 596
583 596
3 597
41 597
147 597
177 597
212 597
334 597
507 597
38 598
62 598
122 598
314 598
379 598
434 598
541 598
548 598
566 598
147 599
323 599
362 599
504 599
168 600
196 600
219 600
236 600
254 600
289 600
399 600
450 600
558 600
580 600
3 601
153 601
323 601
355 601
367 601
509 601
559 601
578 601
59 602
284 602
320 602
323 602
454 602
503 602
559 602
76 603
169 603
266 603
48 604
89 604
114 604
463 604
478 604
498 604
511 604
533 604
159 605
438 605
485 605
515 605
208 606
223 606
285 606
287 606
330 606
23 607
200 607
242 607
281 607
22 608
24 608
127 608
135 608
252 608
308 608
325 608
387 608
528 608
93 609
387 609
469 609
544 609
550 609
9 610
213 610
553 610
163 611
433 611
11 612
140 612
288 612
372 612
540 612
356 613
254 615
334 615
418 615
478 615
598 615
74 616
105 617
161 617
447 617
556 617
574 617
46 618
94 618
101 618
453 618
511 618
62 619
133 619
448 619
145 620
270 620
420 620
608 620
333 621
382 621
101 622
273 622
332 622
77 623
286 623
550 623
28 624
251 624
350 624
407 624
219 625
225 625
370 625
398 625
623 625
82 626
138 626
375 626
406 626
422 626
462 626
481 626
133 627
142 627
168 627
235 627
324 627
39 628
90 628
99 628
147 628
399 628
488 628
66 629
150 629
174 629
197 629
278 629
527 629
333 630
554 630
37 631
52 631
73 631
95 631
119 631
190 631
200 631
447 631
617 631
30 632
44 632
203 633
244 633
315 633
370 633
496 633
526 633
584 633
3 634
131 634
256 634
272 634
380 634
525 634
597 634
629 634
9 635
361 635
435 635
122 636
287 636
320 636
372 636
420 636
124 637
244 637
269 637
332 637
415 637
458 637
9 638
89 638
146 638
332 638
472 638
531 638
41 639
143 639
149 639
157 639
190 639
554 639
556 639
558 639
66 640
124 640
167 640
381 640
510 640
45 641
490 641
515 641
545 641
616 641
144 642
272 642
342 642
519 642
560 642
59 643
100 643
173 643
286 643
548 643
615 643
107 644
116 644
136 644
265 644
496 644
59 645
104 645
113 645
290 645
302 645
589 645
224 646
245 646
410 646
476 646
521 646
234 647
295 647
390 647
408 647
413 647
417 647
575 647
644 647
51 648
81 648
541 648
48 649
242 649
298 649
353 649
476 649
36 650
81 650
132 650
182 650
212 650
448 650
591 650
258 651
285 651
458 651
528 651
531 651
564 651
234 652
261 652
492 652
552 652
637 652
96 653
181 653
213 653
244 653
351 653
55 654
73 654
103 654
386 654
388 654
395 654
505 654
608 654
612 654
627 654
71 655
182 655
531 655
558 655
600 655
30 656
164 656
553 656
566 656
106 657
121 657
184 657
402 657
493 657
285 658
339 658
605 658
84 659
226 659
230 659
361 659
476 659
530 659
574 659
609 659
629 659
646 659
1 660
39 660
70 660
117 660
165 660
168 660
357 660
409 660
467 660
88 661
99 661
274 661
421 661
437 661
461 661
495 661
619 661
3 662
155 662
227 662
246 662
291 662
295 662
325 662
546 662
7 663
485 663
17 664
243 664
265 664
266 664
526 664
644 664
327 665
337 665
413 665
604 665
15 666
159 666
218 666
340 666
21 667
72 667
130 667
308 667
318 667
134 668
146 668
161 668
186 668
192 668
214 668
371 668
619 668
17 669
85 669
153 669
300 669
116 670
222 670
255 670
421 670
553 670
603 670
653 670
1 671
135 671
247 671
283 671
288 671
305 671
524 671
668 671
8 672
85 672
96 672
299 672
398 672
411 672
412 672
569 672
581 672
621 672
665 672
115 673
135 673
292 673
534 673
87 674
201 674
312 674
355 674
436 674
133 675
315 675
398 675
475 675
487 675
11 676
197 676
572 676
108 677
400 677
405 677
448 677
530 677
662 677
38 678
89 678
353 678
9 679
268 679
390 679
587 679
29 680
66 680
227 680
241 680
362 680
385 680
424 680
520 680
614 680
96 681
185 681
196 681
441 681
449 681
632 681
674 681
89 682
341 682
346 682
431 682
532 682
581 682
615 682
674 682
17 683
19 683
139 683
147 683
202 683
619 683
415 684
418 684
453 684
550 684
308 685
616 685
650 685
52 686
462 686
572 686
660 686
7 687
10 687
89 687
94 687
117 687
559 687
135 688
206 688
268 688
306 688
158 689
172 689
238 689
271 689
429 689
441 689
636 689
687 689
14 690
220 690
332 690
78 691
187 691
268 691
450 691
643 691
5 692
123 692
261 692
612 692
134 693
178 693
310 693
376 693
485 693
54 694
265 694
279 694
389 694
690 694
148 695
202 695
331 695
402 695
97 696
115 696
222 696
254 696
269 696
341 696
482 696
580 696
356 697
615 697
16 698
28 698
44 698
79 698
85 698
100 698
140 698
201 698
205 698
492 698
536 698
569 698
90 699
92 699
135 699
5 700
28 700
214 700
324 700
391 700
402 700
489 700
493 700
547 700
554 700
557 700
576 700
627 700
633 700
521 701
552 701
677 701
12 702
222 702
298 702
301 702
379 702
383 702
474 702
542 702
576 702
602 702
5 703
23 703
110 703
114 703
162 703
300 703
366 703
407 703
419 703
495 703
523 703
696 703
83 704
163 704
491 704
498 704
550 704
551 704
594 704
654 704
661 704
211 705
219 705
414 705
599 705
650 705
27 706
107 706
262 706
418 706
571 706
688 706
88 707
94 707
126 707
153 707
157 707
199 707
387 707
410 707
411 707
453 707
454 707
523 707
624 707
232 708
272 708
27 709
101 709
619 709
708 709
55 710
73 710
126 710
290 710
301 710
459 710
506 710
548 710
256 711
296 711
332 711
186 712
271 712
287 712
292 712
430 712
452 712
641 712
42 713
110 713
113 713
330 713
509 713
701 713
21 714
72 714
79 714
337 714
416 714
424 714
467 714
513 714
528 714
599 714
89 715
112 715
204 715
306 715
409 715
468 715
570 715
615 715
690 715
56 716
91 716
106 716
246 716
412 716
433 716
445 716
564 716
685 716
31 717
116 717
220 717
251 717
281 717
358 717
429 717
503 717
30 718
82 718
210 718
295 718
429 718
477 718
483 718
584 718
25 719
26 719
256 719
481 719
599 719
653 719
23 720
69 720
198 720
408 720
533 720
553 720
600 720
603 720
647 720
668 720
249 721
263 721
330 721
335 721
375 721
450 721
566 721
590 721
592 721
37 722
85 722
262 722
131 723
211 723
269 723
413 723
484 723
595 723
262 724
308 724
341 724
506 724
544 724
606 724
671 724
43 725
218 725
539 725
661 725
665 725
16 726
71 726
103 727
105 727
244 727
270 727
350 727
379 727
499 727
547 727
672 727
704 727
125 728
340 728
485 728
509 728
536 728
622 728
689 728
143 729
223 729
341 729
393 729
468 729
621 729
149 730
187 730
294 730
518 730
553 730
598 730
49 731
137 731
289 731
498 731
610 731
252 732
453 732
141 733
196 733
243 733
306 733
326 733
429 733
98 734
110 734
135 734
166 734
215 734
270 734
350 734
393 734
464 734
508 734
620 734
60 735
291 735
707 735
78 736
224 736
375 736
394 736
457 736
582 736
649 736
694 736
718 736
215 737
277 737
676 737
689 737
