792
508
825
263
219
500
587
206
281
487
241
871
878
215
424
362
320
575
40
495
174
760
903
234
741
97
920
459
908
282
390
284
81
694
366
821
414
607
635
640
768
112
697
160
573
450
909
777
664
56
914
252
789
912
60
671
289
139
807
288
601
45
108
685
834
606
814
520
7
613
923
510
851
341
498
297
591
2
447
835
191
350
907
401
214
457
571
489
843
693
184
220
396
910
91
829
115
876
544
431
497
301
14
204
278
677
3
63
257
269
109
42
370
590
259
279
938
201
844
98
251
739
368
570
793
762
311
179
783
361
846
411
548
582
604
636
892
612
503
619
502
355
579
285
183
398
872
308
569
666
733
19
478
725
898
479
378
785
517
691
933
68
805
592
292
57
859
192
744
303
254
445
101
21
50
765
633
940
925
438
444
460
939
325
346
16
711
41
408
888
628
114
583
773
124
336
600
554
429
540
182
326
738
849
507
542
817
110
530
852
233
83
493
246
672
704
77
599
519
148
743
549
656
894
181
565
93
490
855
260
480
138
237
24
324
708
291
779
385
161
706
555
675
602
518
224
486
687
758
511
121
59
916
95
295
472
654
795
797
339
39
734
516
337
764
470
105
167
94
906
473
75
652
882
854
595
684
775
488
399
318
756
669
482
236
837
382
423
873
701
349
298
750
782
581
158
629
258
342
509
210
810
13
317
649
504
928
453
247
608
529
931
655
534
913
130
304
287
356
310
307
73
681
422
35
466
902
207
647
481
745
615
887
18
268
937
505
164
389
245
904
200
796
820
501
736
153
491
857
417
935
229
714
483
88
803
333
899
32
188
499
143
660
266
662
634
409
71
724
394
698
34
397
883
187
804
755
439
523
824
818
372
61
526
689
400
720
111
766
763
866
264
454
410
193
485
373
416
302
572
309
405
761
559
864
594
551
433
367
731
132
610
353
37
695
561
833
563
230
26
407
1
726
514
680
702
868
126
199
845
100
360
934
469
547
402
880
180
189
769
585
905
28
449
172
653
155
319
921
375
122
562
772
596
707
915
86
722
327
558
838
217
924
932
20
625
87
190
434
54
791
256
271
541
828
162
624
273
238
231
255
603
740
927
456
357
10
446
85
228
427
623
727
809
757
567
747
11
225
209
506
141
249
306
752
616
683
709
104
72
270
196
860
173
79
611
239
74
874
831
202
774
379
552
123
293
735
277
705
621
827
901
550
314
36
340
533
166
658
363
474
135
737
543
900
243
631
133
222
250
753
524
665
560
242
884
119
598
404
364
522
296
712
700
226
862
496
830
149
458
515
881
816
889
150
322
203
679
275
82
107
102
539
749
463
659
661
639
710
801
588
186
732
212
412
673
120
839
718
771
395
244
632
8
620
66
682
918
90
576
770
767
841
786
865
435
754
861
879
926
848
890
492
477
622
593
261
208
159
746
811
577
62
274
294
605
930
227
137
787
131
597
387
858
528
38
329
393
305
118
676
127
650
116
313
223
863
169
778
699
637
391
893
586
553
345
392
103
64
443
170
678
703
723
800
315
106
719
578
425
383
428
870
413
421
147
70
546
9
43
154
468
58
175
638
919
494
371
332
564
290
426
420
216
568
527
31
22
76
589
240
235
715
688
205
386
376
15
643
451
794
823
674
437
352
538
836
922
645
512
580
198
151
262
276
713
646
335
152
471
25
69
776
232
145
630
808
781
584
388
826
46
283
617
377
347
642
338
467
168
321
759
419
265
176
146
531
117
440
730
125
286
850
869
877
197
48
134
784
832
895
312
129
136
334
344
853
790
53
788
521
819
5
17
218
343
891
128
896
331
721
566
822
536
936
44
717
842
185
418
812
432
627
67
348
4
651
381
27
406
157
84
686
380
144
751
448
475
780
462
92
452
644
323
80
96
917
461
78
415
692
815
89
436
430
113
156
840
195
299
142
557
280
354
178
253
365
798
99
513
618
897
657
484
856
211
476
221
248
806
12
875
316
670
668
177
886
716
55
748
267
535
374
556
165
328
813
847
574
742
465
194
663
171
140
799
403
369
358
545
532
163
23
729
442
29
867
30
47
885
525
272
648
51
911
359
641
213
696
300
667
728
384
65
33
626
614
802
441
49
609
464
455
6
351
929
690
330
52
537
