940 3352
12 25
15 27
19 40
2 41
37 46
32 47
27 49
40 49
10 50
22 52
23 53
26 56
50 56
6 57
55 60
45 62
17 63
8 64
7 69
15 70
2 78
21 81
33 81
17 82
79 84
54 86
82 86
74 88
34 91
26 94
6 95
91 95
91 96
26 97
33 98
74 98
14 103
20 103
3 107
63 108
64 109
107 109
63 110
106 111
109 111
42 112
5 113
28 115
95 115
97 115
76 117
6 118
98 120
106 120
16 121
7 123
14 127
121 128
5 129
61 129
130 133
133 134
35 135
119 135
125 135
71 137
92 137
40 139
58 139
128 141
2 142
24 142
34 143
91 144
84 145
42 147
46 147
19 152
54 152
109 152
23 153
50 155
145 155
44 160
110 160
72 161
68 162
74 162
19 163
87 163
162 163
105 164
57 166
61 166
63 167
12 168
77 168
13 169
27 170
148 170
166 171
3 172
26 172
59 172
101 173
21 174
97 174
50 175
55 175
66 176
91 177
101 177
2 178
112 178
119 178
127 178
94 179
128 179
25 180
157 182
19 183
145 183
35 184
91 184
16 186
36 186
153 186
142 187
41 188
63 188
135 189
37 190
129 190
166 190
81 191
84 191
176 191
57 192
114 192
168 192
109 195
113 195
124 195
91 198
81 200
118 201
133 201
160 201
182 201
65 202
3 203
179 203
12 204
104 204
165 204
174 204
34 205
182 205
8 206
36 206
45 206
78 206
113 206
160 206
201 206
110 208
30 210
83 212
178 213
76 214
85 214
110 214
14 215
160 215
163 215
157 216
3 217
62 217
77 217
5 219
21 219
50 219
124 219
92 220
148 220
183 220
186 220
198 220
57 222
64 222
197 223
138 224
183 224
18 225
181 225
191 225
115 226
93 227
161 227
211 228
119 230
204 230
3 231
211 231
118 232
125 232
138 232
78 233
132 233
211 233
24 234
156 234
175 234
67 236
28 237
219 237
233 237
145 238
150 238
215 238
77 239
104 239
122 240
129 240
161 240
11 241
28 241
230 241
4 242
239 242
241 243
201 244
115 245
144 245
160 245
28 246
58 246
214 246
224 246
240 247
36 248
132 248
55 250
38 251
62 251
121 251
139 251
204 251
52 252
59 252
224 252
14 253
95 254
171 254
121 255
109 257
10 258
45 258
224 258
115 259
148 259
46 260
161 260
230 260
6 261
39 261
107 261
232 262
4 263
106 263
230 263
253 263
107 264
4 265
47 265
66 265
55 266
99 267
105 267
260 267
38 268
44 268
167 268
6 269
94 269
110 269
109 270
64 272
75 272
269 272
27 273
192 273
238 273
29 274
135 275
128 276
181 276
212 277
15 278
105 278
213 278
224 278
24 279
86 279
116 279
118 279
245 279
74 280
9 281
226 281
253 281
30 282
37 282
87 282
96 282
121 282
197 282
244 282
25 283
32 284
43 284
161 284
195 284
37 285
144 285
148 285
175 285
236 285
91 286
239 286
278 287
60 288
57 289
59 289
69 289
125 289
49 290
50 290
281 290
40 291
63 291
237 291
55 292
81 292
165 292
98 293
247 295
249 295
255 295
26 296
158 296
265 296
284 296
23 297
76 297
198 297
279 297
132 298
133 298
258 298
292 298
131 299
8 300
40 300
217 300
102 301
142 301
210 301
288 301
21 302
159 302
164 302
13 303
170 303
263 303
275 304
141 305
3 306
39 306
13 307
256 307
117 308
148 308
288 308
247 309
288 309
18 311
127 311
252 311
307 311
182 312
297 313
74 314
88 314
245 314
30 316
130 316
178 316
54 317
137 317
304 317
139 318
147 318
165 318
174 318
259 318
281 318
287 318
311 319
17 320
109 320
310 320
112 321
259 321
307 321
73 322
270 322
235 324
35 325
116 325
184 325
201 325
118 326
202 326
320 326
252 327
277 327
56 328
117 328
130 328
150 328
174 328
207 328
3 329
106 329
241 329
260 329
247 330
3 331
173 332
263 332
50 333
276 333
289 333
18 334
291 334
260 335
268 335
330 335
78 336
196 336
329 336
251 337
264 337
267 337
124 338
164 338
198 338
45 339
260 339
31 340
63 340
245 340
6 341
74 341
158 341
235 341
92 342
131 342
200 342
299 342
140 343
298 343
119 344
272 344
51 345
315 345
33 346
185 346
258 346
153 347
202 347
210 347
234 347
317 347
35 348
173 349
252 349
269 349
291 349
82 350
184 351
302 351
229 352
91 353
111 353
88 355
142 355
201 355
340 355
78 356
91 356
319 356
32 357
39 357
333 357
45 358
315 358
32 359
113 359
161 360
188 360
233 360
358 360
130 361
242 361
2 362
16 362
143 362
251 362
275 363
323 363
114 364
159 364
266 364
358 364
234 365
35 366
105 366
181 366
350 366
60 367
149 367
283 367
71 368
123 368
32 370
78 370
113 370
134 370
247 370
19 372
34 372
149 372
9 373
99 373
111 373
214 373
289 373
89 374
92 374
101 374
262 374
105 375
187 375
130 376
142 376
203 376
14 377
39 377
67 377
50 378
157 378
348 378
214 379
24 381
94 381
170 381
60 382
222 382
287 382
367 382
372 382
61 383
174 383
83 385
236 385
239 385
256 385
221 387
255 387
358 387
111 388
312 389
339 389
31 390
64 390
182 390
193 390
180 391
211 391
264 392
282 392
20 393
249 393
295 394
370 394
62 395
193 395
93 396
372 396
333 397
373 397
32 398
93 398
115 398
146 398
150 398
280 399
302 399
220 400
386 400
84 401
138 401
139 401
245 401
284 401
309 401
183 402
357 402
229 403
119 404
152 404
201 404
350 404
57 405
402 405
56 406
180 406
276 406
394 406
61 407
291 407
349 407
189 408
221 408
247 409
367 409
204 410
280 410
394 410
132 411
19 412
278 412
50 413
309 413
353 413
37 414
185 414
192 414
207 414
125 416
158 416
398 416
117 417
332 417
350 417
177 418
97 419
130 419
185 419
230 419
26 420
55 420
85 420
351 420
365 420
105 421
214 421
407 421
1 422
324 422
394 422
6 423
103 423
109 423
233 423
288 423
15 424
178 424
238 424
247 424
267 424
9 425
174 425
164 426
232 426
133 427
158 427
245 427
40 428
126 428
329 428
107 429
187 429
199 429
365 429
397 429
60 431
100 431
148 431
384 431
414 431
360 432
371 432
26 433
408 433
430 433
288 434
353 436
402 436
180 438
114 439
189 439
201 439
238 439
378 439
146 440
370 440
373 440
431 440
190 441
217 441
302 441
314 441
405 442
28 443
56 443
183 443
204 443
206 443
11 444
105 444
110 444
115 444
181 444
213 444
265 444
266 444
295 444
356 444
404 444
48 445
172 445
214 445
337 445
50 446
245 446
323 446
336 446
34 447
79 447
155 447
233 447
287 447
293 447
319 448
57 449
444 449
39 450
46 450
73 450
375 450
423 450
122 451
262 451
360 451
100 453
101 453
103 453
111 453
163 453
308 453
263 454
393 454
398 454
164 455
237 455
278 455
198 456
16 457
86 457
225 457
237 457
263 457
130 458
389 458
398 458
26 459
28 459
155 459
327 459
68 460
127 460
182 460
284 460
390 460
457 460
217 462
375 462
350 463
416 463
64 464
156 464
195 464
20 465
177 465
378 465
431 465
326 466
1 467
87 467
204 467
227 467
282 467
312 467
190 468
301 468
324 468
90 469
433 469
434 469
54 470
266 470
268 470
256 472
328 472
355 472
387 472
183 473
271 473
282 473
349 473
395 473
329 474
366 474
140 475
225 475
4 476
53 476
162 476
387 476
444 476
20 477
220 477
409 477
442 477
153 478
273 478
321 478
74 479
107 479
156 479
238 479
265 479
231 480
380 480
459 480
185 481
255 481
289 481
330 481
332 481
360 481
419 481
284 482
305 482
323 482
434 482
71 483
146 483
202 483
291 483
317 483
329 483
354 483
87 484
378 484
11 485
32 485
387 485
396 485
456 485
174 486
247 486
262 486
317 486
357 486
10 487
129 487
214 487
98 488
104 488
279 488
446 488
85 489
88 489
139 489
218 489
228 489
349 489
366 489
228 490
343 490
476 490
488 490
237 491
266 491
348 491
407 491
427 491
479 491
370 492
467 492
468 492
7 493
34 493
86 493
213 493
232 493
257 494
20 495
73 495
162 495
19 496
490 496
101 497
110 497
185 497
425 497
11 498
75 498
480 498
62 499
154 499
225 499
361 499
480 499
6 500
209 500
221 500
308 500
496 500
345 501
141 502
261 502
378 502
139 503
249 503
111 504
198 504
306 504
453 504
337 505
397 505
466 505
341 506
379 506
501 506
205 507
333 507
2 508
24 508
73 508
114 508
161 508
191 508
349 508
496 508
104 509
128 509
208 509
269 509
300 509
72 510
120 510
151 510
263 510
250 511
270 511
291 511
481 511
61 512
72 512
195 512
196 512
201 512
249 512
507 512
509 512
101 513
164 513
504 513
25 514
173 514
359 514
424 514
34 515
79 515
360 515
75 516
80 516
263 516
298 516
300 516
505 516
159 517
239 517
74 518
245 518
422 518
440 518
471 518
219 519
390 519
443 519
68 520
191 520
336 520
410 520
469 520
162 521
202 521
298 521
366 521
444 521
233 522
368 522
508 522
359 523
379 523
486 523
153 524
433 524
123 525
143 525
253 525
333 525
334 525
499 525
293 526
384 526
123 527
14 528
95 528
277 528
349 528
81 529
234 529
311 529
383 529
455 529
471 529
112 530
209 530
224 530
294 530
295 530
323 530
409 530
423 530
462 530
491 530
14 531
299 531
463 531
471 531
493 531
13 532
26 532
68 532
251 532
291 532
303 532
169 533
191 533
402 533
260 534
314 534
381 534
494 534
20 535
36 535
222 535
337 535
67 536
78 536
340 536
37 537
414 537
507 537
533 537
56 538
166 538
249 539
360 539
22 540
139 540
200 540
201 540
241 540
315 540
363 540
512 540
527 540
85 541
224 541
234 541
474 541
508 541
135 542
206 542
264 542
506 542
534 542
40 543
13 544
97 544
99 544
139 544
161 544
162 544
309 544
336 544
429 544
533 544
543 544
24 545
179 545
243 546
447 546
489 546
9 547
85 547
146 547
201 547
227 547
341 547
434 547
435 547
79 548
133 548
428 548
469 548
85 549
130 549
222 549
248 549
443 549
250 550
335 550
402 550
533 550
104 551
175 551
225 551
317 551
407 551
233 552
239 552
333 552
471 552
524 552
215 553
252 553
271 553
457 553
65 554
198 554
225 554
285 554
300 554
394 554
395 554
242 555
386 555
410 555
412 555
551 555
21 556
142 556
252 556
314 556
420 556
73 557
119 557
404 557
423 557
506 557
460 558
463 558
524 558
115 559
350 559
404 559
18 560
40 560
154 560
234 560
364 560
388 560
554 560
7 561
140 561
416 561
445 561
522 561
5 562
229 562
296 562
452 562
510 562
127 563
245 563
418 563
434 563
107 564
170 564
429 564
108 565
226 565
331 565
69 566
285 566
378 566
467 567
496 567
183 568
277 568
302 568
374 568
3 569
149 569
201 569
246 569
472 569
507 569
124 570
193 570
458 570
552 570
4 571
87 571
326 571
403 571
506 571
515 571
4 572
90 572
138 572
295 572
400 572
463 572
45 573
94 573
135 573
248 573
299 573
495 573
29 574
144 574
288 574
486 574
558 574
18 575
114 575
150 575
160 575
304 575
381 575
149 576
322 576
46 577
114 577
203 577
241 577
449 577
118 578
237 578
471 578
34 579
62 579
83 579
143 579
179 579
236 579
275 579
420 579
25 580
82 580
85 580
152 580
471 580
483 580
488 580
81 581
107 581
111 581
295 581
573 581
95 582
102 582
134 582
210 582
253 582
255 582
270 582
410 582
473 582
88 583
193 583
290 583
539 583
191 584
205 584
267 584
441 585
463 585
479 585
504 585
538 585
540 585
551 585
561 585
7 587
276 587
349 587
490 587
234 589
29 590
88 590
114 590
167 590
173 590
214 590
278 590
77 591
537 591
588 591
98 592
164 592
180 592
182 592
186 592
197 592
355 592
397 592
12 593
28 593
60 593
390 593
35 594
212 594
406 594
492 594
11 595
83 595
173 595
276 595
319 595
412 595
454 595
457 595
543 595
142 596
206 596
346 596
454 596
496 596
120 597
130 597
308 597
366 597
399 597
447 597
485 597
41 598
325 598
490 598
558 598
218 599
223 599
377 599
424 599
473 599
512 599
595 599
28 600
197 600
201 600
243 600
306 600
538 600
61 601
200 601
295 601
395 601
542 601
579 601
172 602
244 602
271 602
41 603
124 603
202 603
445 603
482 603
8 604
135 604
189 604
230 604
444 604
458 604
83 605
523 605
32 606
54 606
66 606
174 606
482 606
568 606
570 606
38 607
167 607
293 607
502 607
604 607
310 608
430 608
90 609
368 609
9 610
397 610
412 610
458 610
490 610
576 610
189 611
397 611
429 611
515 611
516 611
534 611
565 611
576 611
138 612
266 612
274 612
399 612
598 612
17 613
70 613
162 613
333 613
186 614
289 614
350 614
409 614
427 614
541 614
552 614
573 614
610 614
125 615
209 615
332 615
556 615
608 615
38 616
44 616
154 616
220 616
313 616
433 616
435 616
506 616
587 616
589 616
60 617
153 617
367 617
559 617
86 618
105 618
326 618
523 618
613 618
61 619
140 619
287 619
406 619
460 619
608 619
228 620
605 620
530 621
93 622
368 622
621 622
239 623
349 623
492 623
241 624
350 624
477 624
509 624
154 625
302 625
466 625
544 625
622 625
247 626
430 626
457 626
593 626
37 627
95 627
213 627
261 627
461 627
478 627
54 628
191 628
208 628
113 629
159 629
297 629
512 629
612 629
145 630
209 630
141 631
174 631
547 631
613 631
486 632
577 632
582 632
603 632
31 633
32 633
62 633
177 633
268 633
341 633
496 633
210 634
274 634
366 634
410 634
39 635
67 635
294 635
109 636
136 636
417 636
605 636
632 636
22 637
94 637
182 637
205 637
227 638
472 638
565 638
93 639
137 639
588 639
613 639
40 640
99 640
310 640
504 640
112 641
124 641
131 641
339 641
373 641
499 641
93 642
179 642
217 642
445 642
529 642
597 642
618 642
22 643
53 643
264 643
387 643
415 643
71 644
98 644
458 644
494 644
56 645
528 645
547 645
38 646
109 647
278 647
329 647
643 647
393 648
602 648
305 649
387 649
118 650
353 650
373 650
378 650
555 650
14 651
125 651
232 651
638 651
127 652
273 652
34 653
75 653
191 653
446 653
464 653
495 653
596 653
650 653
22 654
116 654
161 654
200 654
257 654
394 654
470 654
502 654
556 654
572 654
140 655
206 655
313 655
464 655
27 656
210 656
223 656
522 656
534 656
540 656
131 657
302 657
622 657
3 658
165 658
169 658
261 658
445 658
539 658
636 658
64 659
73 659
137 659
485 659
487 659
519 659
586 659
3 660
265 660
363 660
409 660
588 660
279 661
587 661
637 661
252 662
365 662
382 662
391 662
559 662
599 662
607 662
141 663
229 663
560 663
49 664
101 664
175 664
316 664
360 664
369 664
528 664
548 664
586 664
20 665
417 665
553 665
658 665
150 666
202 666
246 666
345 666
377 666
495 666
392 667
454 667
625 667
39 668
103 668
305 668
421 668
472 668
64 669
247 669
253 669
283 669
576 669
357 670
443 670
56 671
170 671
252 671
288 671
397 671
577 671
584 671
616 671
132 672
215 672
373 672
431 672
658 672
489 673
596 673
658 673
34 674
282 674
56 675
112 675
243 675
245 675
359 675
400 675
405 675
432 675
577 675
315 676
651 676
93 677
106 677
431 677
624 678
672 678
353 679
409 679
420 679
473 679
493 679
578 679
273 680
425 680
471 680
602 680
323 681
383 681
593 681
165 682
259 682
428 682
607 682
419 683
482 683
507 683
561 683
578 683
591 683
277 684
294 684
324 684
413 684
477 684
610 684
64 685
66 685
162 685
421 685
511 685
580 685
13 686
147 686
232 686
259 686
264 686
449 686
478 686
70 687
248 687
133 688
182 688
255 688
546 688
9 689
385 689
43 690
249 690
590 690
154 691
160 691
366 691
399 691
180 692
197 692
370 692
468 692
58 693
90 693
231 693
274 693
367 693
20 694
34 694
39 694
61 694
88 694
175 694
88 695
400 695
415 695
486 695
617 695
638 695
43 696
139 696
215 696
43 697
127 697
337 697
350 697
443 697
494 697
687 697
695 697
288 698
371 698
653 698
659 698
170 699
183 699
332 699
660 699
150 700
164 700
564 700
68 701
290 701
489 701
611 701
64 702
380 702
426 702
37 703
72 703
132 703
420 703
450 703
460 703
673 703
36 704
91 704
143 704
216 704
500 704
35 705
215 705
529 705
568 705
631 705
109 706
151 706
241 706
313 706
527 706
540 706
547 706
639 706
695 706
31 707
141 707
290 707
312 707
433 707
455 707
488 707
490 707
22 708
208 708
236 708
683 708
76 709
202 709
346 709
475 709
508 709
333 710
402 710
421 710
461 710
589 710
700 710
701 710
34 711
69 711
187 711
240 711
444 711
81 712
104 712
167 712
235 712
374 712
563 712
566 712
575 712
258 713
491 713
39 714
128 714
149 714
353 714
558 714
688 714
205 715
251 715
534 715
683 715
713 715
264 716
310 716
386 716
539 716
544 716
1 717
130 717
210 717
215 717
376 717
643 717
698 717
15 718
45 718
93 718
276 718
599 718
621 718
672 718
481 719
570 719
643 719
678 719
197 720
387 720
451 720
51 721
71 721
160 721
208 721
556 721
557 721
662 721
138 722
458 722
568 722
569 722
606 722
128 723
256 723
262 723
400 723
429 723
522 723
633 723
674 723
691 723
707 723
361 724
369 724
437 724
522 724
603 724
680 724
107 725
154 725
292 725
352 725
292 726
421 726
423 726
424 726
458 726
462 726
538 726
553 726
623 726
206 727
493 727
513 727
707 727
50 728
67 728
214 728
363 728
447 728
622 728
666 728
682 728
7 729
53 729
506 729
645 729
61 730
203 730
512 730
16 731
31 731
67 731
410 731
434 731
469 731
580 731
596 731
191 732
198 732
292 732
300 732
493 732
581 732
593 732
146 733
151 733
252 733
386 733
397 733
449 733
699 733
262 734
429 734
138 735
223 735
276 735
527 735
583 735
612 735
41 736
104 736
217 736
249 736
341 736
346 736
486 736
524 736
527 736
584 736
713 736
179 737
288 737
543 737
646 737
720 737
203 738
236 738
282 738
335 738
553 738
691 738
122 739
152 739
181 739
302 739
337 739
410 739
439 739
647 739
471 740
483 740
519 740
551 740
25 741
105 741
459 741
554 741
41 742
69 742
735 742
9 743
47 743
104 743
135 743
221 743
337 743
485 743
595 743
663 743
72 744
169 744
232 744
505 744
650 744
145 745
331 745
394 745
412 745
604 745
661 745
67 746
158 746
220 746
429 746
452 746
481 746
518 746
630 746
743 746
31 747
65 747
104 747
464 747
497 747
546 747
78 748
152 748
282 748
358 748
473 748
73 749
115 749
584 749
595 749
7 750
293 750
330 750
331 750
388 750
433 750
515 750
672 750
246 751
454 751
46 752
217 752
505 752
620 752
283 753
551 753
268 754
281 754
292 754
617 754
629 754
634 754
8 755
24 755
174 755
377 755
466 755
477 755
224 756
282 756
347 756
388 756
475 756
72 757
97 757
306 757
333 757
495 757
539 757
638 757
642 757
78 758
249 758
289 758
338 758
614 758
151 759
176 759
467 759
22 760
46 760
168 760
202 760
258 760
450 760
624 760
691 760
759 760
242 761
256 761
313 761
321 761
403 761
408 761
648 761
26 762
126 762
133 762
261 762
467 762
759 762
23 763
112 763
370 763
390 763
419 763
490 763
625 763
56 764
265 764
339 764
388 764
559 764
141 765
176 765
482 765
527 765
749 765
31 766
146 766
243 766
389 766
462 766
485 766
9 767
225 767
454 767
531 767
580 767
612 767
41 768
47 768
117 768
342 768
512 768
632 768
661 768
685 768
744 768
759 768
182 769
215 769
440 769
688 769
69 770
77 770
120 770
160 770
273 770
366 770
427 770
550 770
611 770
724 770
726 770
730 770
115 771
125 771
168 771
276 771
434 771
600 771
286 772
453 772
490 772
634 772
83 773
194 773
772 773
193 774
454 774
522 774
553 774
590 774
603 774
94 775
102 775
182 775
259 775
278 775
317 775
421 775
575 775
197 776
242 776
404 776
693 776
743 776
48 777
164 777
326 777
373 777
394 777
400 777
472 777
608 777
134 778
265 778
371 778
554 778
607 778
659 778
169 779
238 779
294 779
319 779
416 779
606 779
618 779
150 780
209 780
413 780
684 780
735 780
419 781
470 781
748 781
174 782
294 782
312 782
416 782
691 782
129 783
160 783
233 783
381 783
408 783
417 783
444 783
608 783
136 784
159 784
779 784
158 785
181 785
303 785
334 785
45 786
109 786
169 786
231 786
344 786
480 786
614 786
728 786
731 786
158 787
256 787
640 787
703 787
724 787
726 787
154 788
182 788
388 788
563 788
621 788
667 788
3 789
53 789
303 789
391 789
474 789
680 789
772 789
262 790
743 790
788 790
54 791
55 791
187 791
471 791
479 791
521 791
528 791
555 791
639 791
721 791
780 791
1 792
37 792
181 792
284 792
289 792
327 792
449 792
553 792
5 793
125 793
154 793
497 793
608 793
768 793
17 794
46 794
72 794
147 794
721 794
95 795
218 795
258 795
619 795
634 795
61 796
269 796
343 796
533 796
259 797
314 797
367 797
396 797
415 797
436 797
488 797
497 797
128 798
99 799
165 799
187 799
476 799
495 799
632 799
3 800
181 800
331 800
613 800
675 800
723 800
483 801
590 801
721 801
375 802
540 802
566 802
356 803
414 803
536 803
548 803
695 803
11 804
367 804
376 804
446 804
526 804
536 804
601 804
163 805
262 805
349 805
564 805
704 805
44 806
349 806
387 806
533 806
59 807
62 807
461 807
505 807
579 807
717 807
434 808
441 808
453 808
471 808
747 808
761 808
185 809
224 809
494 809
17 810
165 810
302 810
363 810
418 810
567 810
631 810
149 811
631 811
655 811
120 812
432 812
811 812
9 813
71 813
132 813
209 813
627 813
660 813
67 814
114 814
528 814
641 814
691 814
348 815
371 815
431 815
565 815
790 815
4 816
112 816
169 816
526 816
573 816
803 816
811 816
207 817
235 817
240 817
467 817
651 817
666 817
705 817
193 818
205 818
381 818
419 818
451 818
496 818
539 818
747 818
27 819
146 819
171 819
210 819
273 819
274 819
792 819
812 819
293 820
344 820
406 820
630 820
659 820
671 820
744 820
776 820
36 821
104 821
128 821
157 821
160 821
181 821
282 821
413 821
452 821
579 821
761 821
84 822
290 822
339 822
803 822
21 823
133 823
249 823
302 823
363 823
686 823
722 823
763 823
380 824
440 824
472 824
557 824
588 824
626 824
706 824
3 825
13 825
144 825
288 825
386 825
543 825
634 825
666 825
87 826
185 826
399 826
457 826
751 826
27 827
67 827
448 827
531 827
573 827
771 827
773 827
277 828
475 828
96 829
201 829
204 829
387 829
639 829
642 829
710 829
780 829
305 830
462 830
568 830
600 830
92 831
299 831
367 831
479 831
520 831
131 832
447 832
452 832
780 832
52 833
69 833
229 833
260 833
281 833
417 833
644 833
773 833
65 834
132 834
144 834
323 834
425 834
672 834
80 835
205 835
252 835
312 835
419 835
430 835
548 835
746 835
789 835
34 836
96 836
152 836
237 836
727 836
166 837
283 837
286 837
418 837
469 837
562 837
727 837
129 838
430 838
461 838
588 838
647 838
73 839
78 839
120 839
317 839
598 839
735 839
415 840
576 840
613 840
437 841
613 841
692 841
237 842
418 842
543 842
808 842
815 842
89 843
111 843
313 843
773 843
48 844
119 844
240 844
375 844
427 844
436 844
613 844
728 844
749 844
430 845
780 845
825 845
113 846
131 846
392 846
456 846
474 846
489 846
605 846
747 846
22 847
118 847
156 847
308 847
457 847
531 847
646 847
737 847
788 847
430 848
594 848
621 848
630 848
640 848
840 848
195 849
204 849
269 849
492 849
593 849
782 849
299 850
385 850
685 850
751 850
773 850
73 851
142 851
378 851
398 851
568 851
773 851
3 852
35 852
210 852
308 852
346 852
557 852
598 852
657 852
688 852
226 853
258 853
267 853
280 853
316 853
342 853
533 853
787 853
77 854
88 854
129 854
275 854
334 854
341 854
345 854
354 854
471 854
537 854
539 854
697 854
765 854
797 854
837 854
10 855
16 855
178 855
229 855
307 855
389 855
392 855
572 855
613 855
253 856
281 856
350 856
508 856
519 856
80 857
349 857
365 857
393 857
395 857
472 857
509 857
761 857
31 858
157 858
258 858
315 858
594 858
644 858
667 858
689 858
749 858
798 858
845 858
99 859
167 859
204 859
262 859
680 859
15 860
106 860
135 860
260 860
380 860
513 860
533 860
564 860
781 860
32 861
387 861
499 861
501 861
618 861
664 861
687 861
763 861
808 861
95 862
566 862
655 862
810 862
4 863
307 863
500 863
657 863
752 863
27 864
366 864
405 864
468 864
484 864
786 864
178 865
396 865
495 865
528 865
615 865
718 865
856 865
211 866
391 866
464 866
596 866
17 867
133 867
270 867
476 867
119 868
221 868
427 868
690 868
713 868
150 869
178 869
180 869
248 869
660 869
774 869
799 869
31 870
88 870
136 870
406 870
683 870
806 870
12 871
28 871
161 871
485 871
718 871
131 872
147 872
262 872
279 872
367 872
378 872
432 872
578 872
139 873
144 873
226 873
289 873
316 873
348 873
355 873
657 873
769 873
92 874
149 874
519 874
588 874
670 874
743 874
766 874
86 875
185 875
258 875
412 875
668 875
815 875
872 875
98 876
149 876
161 876
177 876
183 876
448 876
458 876
570 876
588 876
850 876
38 877
562 877
744 877
770 877
775 877
13 878
46 878
389 878
603 878
716 878
55 879
143 879
164 879
285 879
439 879
560 879
579 879
619 879
636 879
686 879
782 879
137 880
171 880
235 880
247 880
437 880
451 880
567 880
640 880
690 880
748 880
119 881
267 881
572 881
274 882
429 882
476 882
535 882
697 882
96 883
374 883
396 883
680 883
706 883
771 883
20 884
23 884
28 884
160 884
193 884
291 884
371 884
556 884
835 884
165 885
193 885
397 885
490 885
497 885
556 885
658 885
693 885
731 885
789 885
16 886
87 886
151 886
328 886
409 886
835 886
877 886
308 887
333 887
375 887
452 887
681 887
782 887
802 887
813 887
170 888
190 888
253 888
425 888
477 888
583 888
599 888
847 888
109 889
215 889
400 889
428 889
481 889
574 889
787 889
830 889
161 890
622 890
742 890
759 890
845 890
62 891
171 891
465 891
797 891
36 892
137 892
194 892
412 892
531 892
534 892
842 892
348 893
516 893
663 893
721 893
787 893
120 894
133 894
154 894
171 894
224 894
747 894
67 895
140 895
331 895
781 895
209 896
239 896
799 896
12 897
390 897
403 897
583 897
645 897
862 897
90 898
93 898
155 898
369 898
427 898
469 898
549 898
682 898
885 898
85 899
337 899
344 899
358 899
401 899
711 899
837 899
207 900
261 900
370 900
545 900
704 900
758 900
447 901
486 901
532 901
757 901
163 902
327 902
671 902
738 902
23 903
259 903
540 903
315 904
341 904
729 904
805 904
823 904
9 905
23 905
178 905
198 905
263 905
442 905
603 905
761 905
29 906
270 906
511 906
600 906
827 906
83 907
87 907
185 907
265 907
363 907
528 907
847 907
867 907
904 907
29 908
30 908
57 908
170 908
337 908
416 908
527 908
14 909
47 909
143 909
190 909
381 909
727 909
800 909
814 909
52 910
94 910
183 910
273 910
382 910
621 910
683 910
819 910
885 910
150 911
205 911
412 911
489 911
525 911
762 911
54 912
92 912
111 912
165 912
243 912
265 912
272 912
281 912
457 912
494 912
571 912
575 912
585 912
718 912
754 912
841 912
315 913
369 913
428 913
561 913
626 913
648 913
702 913
856 913
5 914
51 914
129 914
359 914
449 914
558 914
587 914
678 914
754 914
772 914
791 914
808 914
41 915
429 915
456 915
911 915
107 916
253 916
359 916
501 916
645 916
830 916
907 916
99 917
213 917
298 917
358 917
641 917
837 917
850 917
861 917
27 918
213 918
608 918
622 918
645 918
745 918
281 919
299 919
379 919
458 919
696 919
852 919
27 920
29 920
119 920
300 920
516 920
540 920
645 920
890 920
60 921
80 921
179 921
187 921
397 921
449 921
607 921
667 921
710 921
748 921
771 921
73 922
728 922
813 922
71 923
82 923
125 923
384 923
803 923
65 924
89 924
463 924
490 924
559 924
699 924
33 925
179 925
246 925
308 925
366 925
138 926
147 926
175 926
333 926
341 926
424 926
599 926
620 926
626 926
683 926
839 926
113 927
124 927
130 927
402 927
419 927
484 927
540 927
614 927
149 928
307 928
350 928
622 928
670 928
687 928
802 928
20 929
396 929
419 929
441 929
643 929
651 929
49 930
153 930
229 930
336 930
509 930
637 930
650 930
753 930
110 931
312 931
324 931
407 931
518 931
605 931
609 931
649 931
859 931
378 932
464 932
746 932
768 932
127 933
161 933
341 933
353 933
367 933
455 933
604 933
799 933
802 933
825 933
924 933
6 934
18 934
51 934
247 934
310 934
433 934
451 934
509 934
807 934
845 934
132 935
302 935
333 935
351 935
544 936
805 936
929 936
247 937
336 937
398 937
645 937
690 937
840 937
117 938
178 938
255 938
277 938
330 938
403 938
598 938
710 938
782 938
917 938
52 939
183 939
455 939
679 939
733 939
797 939
874 939
178 940
186 940
232 940
450 940
516 940
537 940
601 940
810 940
876 940
887 940
