49
12
103
81
42
139
14
124
181
86
46
201
56
111
148
150
187
8
107
125
24
40
174
43
71
189
95
136
30
172
122
135
32
80
190
167
63
75
50
22
76
53
18
19
72
21
204
176
104
93
206
205
94
196
121
213
197
88
144
186
84
105
7
27
209
192
184
10
155
130
34
45
78
15
169
116
149
73
208
120
4
138
153
61
54
9
199
58
194
214
132
173
123
207
57
115
68
175
65
211
171
178
59
85
62
118
119
140
158
35
31
145
64
102
96
128
41
161
38
20
55
69
99
198
168
177
133
92
87
70
200
91
127
137
156
28
134
191
101
108
164
126
182
51
112
147
146
195
77
25
210
23
16
157
180
3
154
109
193
106
2
163
162
33
114
183
13
159
142
97
141
11
110
129
98
48
1
83
29
74
36
37
166
67
17
60
152
203
26
6
202
66
39
89
160
113
212
82
117
131
179
5
188
47
52
185
143
165
170
151
100
79
44
90
