214 761
1 4
2 12
1 13
7 14
1 16
8 18
2 22
4 22
9 23
14 23
5 24
8 24
21 24
10 27
19 27
5 29
10 29
11 30
29 30
8 31
21 31
10 32
6 33
17 33
32 33
9 36
1 38
32 38
23 39
22 40
33 40
21 41
31 41
5 42
18 43
24 43
31 43
42 43
19 44
32 45
34 45
39 45
11 46
21 46
43 47
1 49
36 49
1 50
39 50
43 50
7 51
17 52
24 52
40 52
42 53
24 54
46 54
13 55
15 55
2 56
13 56
49 56
14 57
10 58
22 58
33 58
9 59
21 59
32 59
56 59
47 60
25 61
29 61
7 62
27 62
7 63
37 63
40 63
48 63
27 64
30 67
10 68
22 69
9 70
16 70
51 70
25 71
34 71
39 72
45 72
46 72
56 73
15 74
17 74
15 75
33 75
38 75
44 75
5 76
41 76
43 76
51 76
30 77
31 78
73 78
76 78
12 79
18 79
33 79
42 79
34 80
37 80
38 80
60 80
68 80
69 80
4 81
36 81
51 81
70 81
72 81
79 81
33 82
37 82
75 82
32 83
49 83
54 83
71 83
19 84
61 84
64 84
34 85
54 85
9 86
10 86
29 86
77 86
79 86
21 87
69 87
80 87
15 88
58 88
14 90
61 90
75 90
40 91
56 91
24 92
53 92
50 93
81 93
53 94
58 94
27 95
57 95
61 95
82 95
2 97
17 97
68 97
76 97
90 97
27 98
59 98
53 99
65 99
6 100
34 100
50 100
4 101
7 101
23 101
50 101
56 101
62 102
92 102
3 103
32 103
38 103
50 103
59 103
14 104
21 104
49 104
52 104
85 104
99 104
102 104
62 105
71 105
83 105
9 106
19 107
33 107
22 108
62 108
81 108
27 109
43 109
53 109
55 109
78 109
79 109
4 110
35 110
14 111
27 111
31 111
33 111
68 111
95 111
8 112
23 112
26 112
47 112
87 112
91 112
14 113
56 113
64 113
74 113
6 114
12 114
20 114
35 114
74 114
102 114
16 115
79 115
91 115
96 115
76 116
41 117
42 117
59 117
63 117
106 117
4 118
38 118
56 118
106 118
38 119
41 119
60 119
84 119
101 119
107 119
4 120
7 120
20 120
21 120
22 120
25 120
59 120
80 120
1 121
45 121
55 121
56 121
73 121
75 121
98 121
5 122
31 122
35 122
53 122
69 122
72 122
75 122
97 122
12 123
16 123
93 123
99 123
8 124
14 124
17 124
65 124
81 124
116 124
20 125
34 125
50 125
62 125
81 125
120 125
44 126
2 127
126 127
7 128
31 128
52 128
92 128
111 128
116 128
4 129
15 129
28 129
77 129
80 129
82 129
87 129
70 130
114 130
53 131
94 131
120 131
59 132
91 132
127 133
53 134
56 134
58 134
79 134
124 134
6 135
8 135
32 135
47 135
53 135
65 135
71 135
107 135
21 136
28 136
37 136
42 136
46 136
102 136
104 136
112 136
133 136
20 137
60 137
112 137
134 137
30 138
82 138
6 139
10 139
93 139
94 139
101 139
132 139
133 139
60 140
108 140
125 140
11 141
21 141
87 141
18 142
23 142
34 142
103 142
125 142
126 142
103 143
118 143
125 143
51 144
59 144
101 144
105 144
111 144
117 144
71 145
112 145
63 146
89 146
63 147
146 147
15 148
16 148
41 148
43 148
118 148
20 149
22 149
32 149
57 149
77 149
92 149
99 149
16 150
25 150
32 150
89 150
133 150
10 151
21 151
38 151
55 151
78 151
102 151
23 152
70 152
16 153
83 153
117 153
122 153
14 154
65 154
67 154
112 154
17 155
19 155
42 155
61 155
69 155
100 155
119 155
137 155
148 155
154 155
2 156
3 156
22 156
58 156
60 156
62 156
82 156
135 156
141 156
149 156
117 157
154 157
45 158
49 158
109 158
148 158
75 159
127 159
44 160
65 160
100 160
106 160
126 160
2 161
20 161
78 161
113 161
118 161
121 161
152 161
12 162
45 162
53 162
78 162
79 162
98 162
124 162
103 163
162 163
33 164
69 164
88 164
112 164
141 164
104 165
114 165
26 166
54 166
70 166
112 166
13 167
20 167
36 167
106 167
109 167
55 168
59 168
104 168
125 168
151 168
159 168
75 169
80 169
113 169
142 169
144 169
22 170
42 170
97 170
118 170
8 171
65 171
101 171
123 171
141 171
165 171
11 172
24 172
30 172
56 172
65 172
63 173
92 173
110 173
167 173
169 173
23 174
31 174
32 174
34 174
128 174
129 174
150 174
98 175
108 175
127 175
34 176
48 176
74 176
173 176
1 177
4 177
47 177
57 177
125 177
126 177
83 178
98 178
102 178
174 178
8 179
10 179
29 179
140 179
153 179
11 180
65 180
74 180
155 180
162 180
9 181
11 181
22 181
26 181
36 181
99 181
135 181
146 181
33 182
36 182
37 182
47 182
115 182
143 182
148 182
104 183
144 183
166 183
177 183
22 184
67 184
74 184
181 184
10 185
17 185
86 185
59 186
60 186
17 187
28 187
47 187
77 187
86 187
110 187
126 187
129 187
152 187
65 188
118 188
11 189
16 189
26 189
70 189
107 189
151 189
188 189
6 190
10 190
35 190
40 190
74 190
80 190
109 190
118 190
164 190
165 190
6 191
57 191
63 191
81 191
98 191
125 191
138 191
163 191
171 191
4 192
26 192
44 192
66 192
91 192
156 192
21 193
39 193
40 193
44 193
98 193
151 193
159 193
174 193
184 193
8 194
12 194
70 194
82 194
89 194
95 194
54 195
104 195
148 195
150 195
160 195
167 195
15 196
45 196
54 196
64 196
72 196
90 196
91 196
113 196
123 196
135 196
175 196
190 196
21 197
57 197
83 197
85 197
88 197
123 197
134 197
152 197
82 198
124 198
135 198
20 199
87 199
93 199
109 199
117 199
122 199
122 200
131 200
160 200
184 200
10 201
12 201
64 201
155 201
175 201
179 201
182 201
183 201
199 201
5 202
15 202
21 202
28 202
59 202
89 202
146 202
191 202
60 203
66 203
81 203
188 203
7 204
47 204
63 204
85 204
108 204
111 204
125 204
182 204
188 204
203 204
52 205
5 206
51 206
61 206
80 206
105 206
151 206
169 206
185 206
196 206
52 207
58 207
94 207
102 207
110 207
143 207
184 207
9 208
20 208
79 208
119 208
165 208
179 208
43 209
49 209
65 209
71 209
112 209
150 209
155 209
165 209
170 209
193 209
36 210
127 210
134 210
151 210
170 210
183 210
77 211
92 211
97 211
99 211
100 211
105 211
116 211
123 211
157 211
175 211
190 211
79 212
197 212
44 213
56 213
125 213
128 213
156 213
182 213
190 213
206 213
90 214
101 214
105 214
115 214
136 214
139 214
141 214
163 214
