835
159
849
411
690
108
351
23
674
557
406
724
320
43
480
582
507
421
32
808
459
550
149
392
17
334
84
87
535
657
197
766
61
585
327
82
462
4
490
248
803
53
190
895
408
685
565
583
503
588
473
93
121
420
449
866
208
471
612
607
754
399
871
5
312
412
878
693
317
375
216
614
681
195
291
568
675
742
360
151
791
365
883
27
15
45
202
2
189
95
902
896
764
898
777
846
259
19
134
277
382
555
147
313
551
20
129
600
247
540
367
434
615
837
694
708
333
318
818
734
915
655
454
829
330
328
566
377
58
695
356
343
860
483
520
386
854
580
178
805
645
100
767
306
881
798
103
345
311
544
80
274
220
620
498
86
863
851
69
79
267
255
533
691
621
276
870
741
572
124
203
239
71
324
508
562
426
139
155
672
807
769
137
335
810
469
254
581
9
347
358
794
387
721
534
349
789
125
423
802
325
631
171
531
800
886
595
229
648
357
629
885
630
12
474
486
840
176
355
726
728
887
362
626
841
714
211
755
257
156
460
385
678
659
876
827
625
832
172
305
772
1
104
613
380
13
109
40
633
641
556
417
389
616
162
383
776
567
396
532
828
842
687
209
215
141
237
603
593
790
299
339
609
342
388
727
30
341
608
91
697
666
587
393
76
128
907
482
705
684
136
465
703
441
634
747
302
906
138
183
579
68
665
224
240
144
337
905
812
890
914
65
293
513
506
756
200
118
765
499
554
897
501
174
201
723
35
398
186
204
801
596
117
26
272
912
575
748
290
845
278
295
853
735
509
438
90
838
500
222
8
315
415
47
219
131
127
191
799
234
418
761
775
250
903
390
111
858
718
515
36
774
511
762
70
569
448
888
180
50
455
101
256
787
212
451
193
275
445
830
913
24
284
822
768
196
640
49
62
142
635
688
778
429
891
11
116
731
414
792
7
66
682
409
353
242
31
361
781
54
18
89
561
14
749
271
391
852
611
545
425
233
135
112
816
56
130
346
859
553
889
218
549
673
644
433
563
140
758
788
213
570
485
59
432
175
865
407
210
231
601
37
477
430
292
877
671
497
160
184
527
491
51
464
326
722
463
268
379
909
746
288
862
493
143
289
809
717
779
39
413
785
484
280
504
577
468
647
517
265
48
192
546
639
820
899
548
696
478
704
221
784
839
715
370
661
223
424
642
376
874
617
892
589
683
796
300
632
166
668
99
260
163
793
29
826
780
720
558
443
457
869
164
150
637
73
650
297
627
22
105
719
440
321
102
446
10
539
753
456
3
60
447
738
161
16
494
622
591
452
602
169
804
495
348
833
322
344
301
148
207
910
285
709
34
884
283
296
524
757
516
246
269
88
245
592
654
815
521
152
461
571
444
900
707
373
42
279
273
713
57
599
244
72
541
689
813
797
314
154
185
122
590
750
700
676
670
893
352
336
636
528
410
458
698
107
606
74
662
64
252
519
522
106
560
737
502
538
783
547
743
597
679
199
123
619
692
702
489
481
867
52
879
578
431
282
574
530
880
518
467
263
310
868
77
745
806
332
238
354
132
364
525
759
46
701
187
402
381
177
94
366
397
115
436
153
470
475
834
706
686
658
751
44
652
372
605
378
584
850
712
711
594
226
514
542
488
369
552
96
75
476
227
663
249
472
323
374
817
908
33
492
173
120
564
904
646
25
638
857
168
363
651
664
505
843
911
338
536
624
405
814
559
41
228
316
610
286
85
110
21
6
770
188
856
98
97
395
182
763
872
241
795
78
307
453
825
403
739
537
419
824
649
512
656
882
442
198
170
270
81
450
831
760
773
526
618
146
359
205
331
427
510
573
179
677
181
281
487
214
901
253
350
752
598
435
729
119
821
258
819
394
864
782
811
67
236
261
733
266
861
725
576
699
309
855
114
848
875
217
225
262
165
303
340
319
329
667
400
55
158
428
126
416
836
232
740
368
439
133
38
113
529
823
660
251
157
710
264
167
63
771
744
716
230
235
466
243
294
669
543
786
83
586
847
206
653
401
404
371
145
523
628
496
623
92
194
384
479
604
643
437
894
736
308
298
287
730
28
304
680
844
873
422
732
