915 2392
11 17
8 23
17 25
13 28
3 29
24 30
19 32
15 34
23 36
4 38
14 43
22 50
42 53
56 58
32 59
17 61
33 61
27 62
13 63
5 64
38 78
12 81
53 81
36 82
61 83
72 83
27 84
44 84
15 85
45 86
28 87
2 88
52 93
2 94
90 95
95 96
19 98
78 104
8 105
13 105
20 106
100 106
6 108
56 109
60 109
11 111
16 115
94 115
101 115
24 117
57 120
53 121
51 122
67 122
67 125
109 126
58 129
70 129
107 129
17 130
124 133
83 134
99 134
127 134
78 135
84 136
63 138
72 140
46 141
82 141
51 142
100 142
62 144
12 146
17 146
103 147
97 148
23 149
54 149
142 149
37 151
80 151
93 151
28 152
49 152
129 152
60 153
61 153
49 154
118 154
133 154
4 155
86 156
2 159
69 159
79 160
64 163
16 164
110 166
26 167
163 167
30 170
124 170
22 171
71 173
133 173
7 174
67 174
168 174
89 176
162 177
9 178
139 178
155 179
109 180
137 183
167 184
46 186
128 188
9 189
11 189
89 189
43 190
155 190
174 190
93 191
103 193
172 193
192 193
74 195
31 197
125 198
159 198
175 199
25 201
121 201
87 202
27 203
103 203
109 203
167 203
171 203
92 205
4 208
20 208
57 208
20 209
20 210
145 211
145 213
12 214
72 214
93 215
71 216
193 216
210 216
4 217
52 218
176 218
153 220
29 221
49 221
211 221
83 222
51 223
4 224
152 224
143 226
216 226
211 227
221 227
108 228
208 229
213 229
156 230
67 231
81 231
21 233
42 234
59 234
104 234
171 234
96 239
172 239
232 239
28 240
112 240
171 240
1 242
210 242
104 243
39 244
126 245
13 246
109 247
40 248
92 248
96 248
125 253
220 253
187 254
162 255
111 256
151 256
229 257
14 258
16 258
36 258
224 258
62 259
97 259
132 262
163 262
183 262
197 262
209 264
228 264
239 264
15 265
215 265
65 266
130 266
141 266
163 266
232 266
161 267
220 267
237 267
1 268
263 268
124 269
140 270
217 270
1 271
96 274
152 274
182 274
242 275
116 276
163 276
166 276
30 277
100 277
240 278
271 278
91 280
226 281
56 284
22 285
76 285
128 286
194 287
53 288
121 288
115 289
121 290
125 290
75 291
136 291
16 292
162 292
224 292
211 294
73 296
187 297
75 298
99 298
166 298
138 299
262 299
271 299
183 300
131 301
190 301
44 302
68 302
297 302
262 303
115 304
123 304
183 304
224 304
240 305
144 306
195 306
138 307
229 307
232 307
21 308
250 308
65 309
231 309
274 309
23 310
238 310
124 311
149 311
152 311
65 312
71 312
71 313
104 313
151 313
293 313
176 314
62 315
27 316
69 317
200 317
118 318
169 318
293 318
265 319
13 320
200 321
216 321
268 321
204 322
32 324
174 324
114 325
201 325
35 327
92 327
282 327
126 328
179 328
186 329
245 329
125 330
204 330
252 330
5 331
20 331
49 331
276 331
51 332
273 332
48 333
117 333
233 333
303 333
26 334
148 334
184 335
272 335
138 336
51 337
307 337
166 338
272 339
290 339
133 340
224 341
278 341
274 342
295 342
300 342
32 343
128 343
132 343
288 343
91 344
148 345
251 345
342 346
90 347
190 347
105 348
290 348
196 349
266 349
9 350
156 350
222 350
7 351
8 351
315 351
9 352
45 352
291 352
315 352
150 353
47 354
97 354
22 355
219 355
279 355
131 356
349 356
46 357
127 357
210 357
301 357
191 358
317 358
334 359
79 360
143 360
188 360
234 360
186 362
223 362
66 363
138 364
205 364
250 364
82 365
191 365
256 365
355 365
55 366
82 366
111 367
249 367
287 367
48 368
327 368
88 369
293 369
354 369
358 369
171 370
36 371
55 374
12 375
70 375
209 375
288 375
25 377
128 377
180 379
50 380
245 380
250 380
234 381
101 382
253 382
25 383
209 383
256 383
189 384
267 384
350 384
212 385
232 385
279 385
287 385
136 386
163 386
199 386
202 386
289 386
317 386
193 387
275 388
80 389
253 389
382 389
155 390
366 390
369 390
182 391
192 391
349 391
351 391
24 392
53 393
188 393
284 393
168 395
196 396
259 396
179 397
232 397
258 397
299 397
49 398
328 398
60 399
62 399
372 399
142 400
141 401
248 402
277 403
127 405
212 405
11 406
126 406
190 406
116 407
24 408
45 408
151 408
195 409
379 409
4 411
7 411
193 411
239 411
268 411
66 412
111 412
140 412
276 412
189 413
382 413
317 414
409 414
17 415
33 415
146 415
353 415
355 415
361 415
242 416
267 416
310 416
31 417
252 417
357 417
402 417
31 418
166 418
207 418
361 418
1 419
153 419
54 420
18 421
77 421
89 422
360 422
68 423
199 423
14 424
410 424
193 425
138 426
177 426
224 426
230 426
271 426
315 426
167 427
391 427
92 428
170 428
202 428
404 429
425 431
233 432
109 433
135 433
66 434
112 434
5 435
83 435
98 435
56 436
94 436
111 437
130 437
239 437
393 437
202 438
233 438
346 438
56 439
260 440
412 440
274 441
294 441
426 441
218 442
386 442
84 443
347 443
192 444
228 445
389 445
432 445
146 446
333 446
418 446
433 446
89 447
254 447
140 448
299 448
377 448
55 449
347 449
130 451
213 451
386 451
111 452
59 454
123 454
391 454
47 455
168 455
381 455
432 455
441 455
175 456
82 457
216 457
388 457
113 458
178 458
407 458
21 459
210 459
5 460
231 460
432 460
37 462
66 462
270 462
73 463
430 464
292 465
315 465
430 465
360 468
160 469
186 469
203 469
213 469
239 469
318 469
377 469
20 470
62 470
184 470
58 471
163 471
51 473
215 474
461 474
464 474
326 475
340 475
348 475
412 475
42 477
249 477
405 477
463 477
268 478
271 478
379 479
15 480
313 480
318 480
222 481
272 481
329 481
288 482
408 482
134 483
203 483
276 483
403 483
200 484
143 485
453 485
482 485
97 486
216 486
289 486
17 487
459 488
39 490
158 490
170 490
284 490
311 490
413 491
472 491
203 492
367 492
461 492
27 493
116 493
240 493
484 493
49 494
134 494
280 494
410 494
48 495
37 497
291 497
432 497
468 497
38 498
155 498
239 498
315 498
395 498
471 498
157 499
320 499
265 500
349 500
48 501
323 501
2 502
192 502
483 502
49 503
80 503
277 503
495 504
143 505
461 505
126 506
290 506
315 506
338 506
17 507
45 507
411 507
123 508
175 508
454 508
345 509
465 509
478 509
106 510
131 510
425 510
436 510
221 511
373 511
412 511
60 512
197 512
411 512
88 513
92 513
190 513
278 513
314 513
196 514
333 514
55 515
370 515
460 515
18 516
53 516
503 516
223 517
499 517
37 518
209 518
424 518
455 518
429 519
79 520
135 520
161 520
313 520
359 520
376 520
224 521
240 521
37 522
230 522
66 523
325 524
111 525
278 526
395 526
187 527
300 527
303 527
418 527
471 527
67 528
116 528
457 528
51 529
166 529
202 529
24 530
216 530
99 531
204 531
289 531
124 532
260 532
271 532
163 533
190 534
195 534
439 534
29 535
140 535
369 536
150 537
272 538
110 540
364 540
443 540
37 541
322 541
457 541
515 542
41 543
164 543
150 544
205 545
430 545
73 546
124 546
382 546
503 546
532 546
86 547
167 547
358 547
442 547
297 548
507 548
43 549
443 549
10 550
22 550
335 550
427 550
62 551
105 551
30 552
229 553
424 553
440 553
549 553
321 554
329 554
485 554
4 555
84 555
102 555
139 555
250 555
342 555
23 556
71 556
128 556
251 556
446 556
10 557
13 557
51 557
409 557
432 557
450 557
516 557
329 558
504 558
510 558
539 558
73 559
184 559
242 559
360 560
456 560
3 561
222 561
423 561
493 561
60 562
176 562
261 562
466 562
129 563
447 563
549 563
557 563
58 564
119 564
419 564
47 565
161 565
294 565
340 565
16 566
127 566
347 566
421 566
258 567
494 567
548 567
76 568
249 568
377 568
440 568
91 569
161 569
376 569
445 569
298 570
452 570
563 570
299 571
328 571
114 572
138 572
147 572
169 572
468 572
65 573
254 574
495 574
159 575
230 575
337 575
348 575
549 575
12 576
254 577
322 577
496 577
344 578
301 579
420 579
2 580
138 580
148 580
345 580
384 580
433 580
188 581
207 581
291 581
339 581
399 581
16 582
176 582
420 582
445 582
30 583
48 583
141 583
218 583
269 583
285 583
459 583
37 584
493 584
27 585
34 585
119 585
459 585
16 587
283 587
332 587
346 587
443 587
50 588
234 588
296 588
492 588
524 589
48 590
49 590
516 591
569 591
246 592
481 592
156 593
269 593
307 593
374 593
548 593
88 594
55 595
207 595
223 595
245 595
301 595
358 595
579 595
591 595
318 596
320 596
332 596
335 596
508 596
514 596
592 596
2 597
3 597
443 597
71 598
154 598
490 598
216 599
521 599
104 600
108 600
152 600
156 600
164 600
188 600
461 601
185 602
571 602
234 603
268 603
377 603
444 603
471 603
534 603
225 604
285 604
393 604
447 604
59 606
373 606
42 607
60 607
176 607
348 607
411 607
451 607
73 608
230 608
279 608
350 608
552 608
573 608
577 608
32 609
43 609
256 609
273 609
292 609
412 609
115 610
133 610
166 610
433 610
24 611
57 611
429 611
455 611
59 612
202 612
288 612
408 612
565 612
599 612
125 613
244 613
338 613
72 614
115 614
179 614
212 614
482 614
556 614
113 615
516 615
541 615
245 616
254 616
336 616
555 616
46 617
56 617
522 617
527 617
186 618
232 618
130 619
314 619
467 619
485 619
154 620
111 621
165 621
185 621
250 621
429 621
15 622
122 622
347 622
459 622
568 622
197 623
295 623
370 623
590 623
223 624
188 625
237 625
390 625
413 625
224 626
366 626
491 626
205 627
457 627
549 627
58 628
121 628
211 629
352 629
355 629
375 629
58 630
124 630
213 630
336 630
618 630
202 631
528 632
249 633
258 633
325 633
410 633
50 634
295 634
356 634
432 634
458 634
526 634
585 634
211 635
401 635
508 635
95 636
107 636
196 636
244 636
288 636
391 636
631 636
274 637
545 637
606 637
56 638
74 638
81 638
355 638
413 638
567 638
361 639
504 639
524 639
586 639
616 639
64 640
397 640
464 640
496 640
133 641
167 641
248 641
250 641
252 641
255 641
325 641
519 641
24 642
519 642
342 643
415 643
472 643
522 643
76 644
106 644
426 644
445 644
1 645
24 645
141 645
560 645
84 646
110 646
132 646
331 646
453 646
70 647
380 647
477 647
498 647
502 647
99 648
121 648
141 648
209 648
260 648
436 648
538 648
561 648
60 649
409 649
486 649
568 649
343 650
405 650
547 650
597 652
650 652
2 653
79 653
150 653
171 653
199 654
583 654
597 654
607 654
612 654
43 655
122 655
123 655
224 655
245 655
22 656
395 656
536 656
619 656
30 657
356 657
451 657
626 657
13 658
105 658
421 658
512 658
108 659
234 659
260 659
482 659
489 659
248 660
360 660
453 660
481 660
72 661
239 661
516 661
603 661
52 662
639 662
277 663
116 664
208 664
317 664
500 664
528 664
578 664
303 665
352 665
431 665
442 665
145 666
224 666
282 666
346 666
369 666
213 667
572 667
574 667
109 668
117 668
155 668
523 668
530 668
528 669
36 670
175 670
518 670
627 670
82 671
108 671
316 671
467 671
611 671
140 672
180 672
263 672
378 672
455 672
16 673
255 673
310 673
444 673
639 673
9 674
304 674
77 675
121 675
156 675
222 675
592 675
195 676
626 676
116 677
520 677
233 678
332 678
659 678
238 679
653 679
354 680
425 680
73 681
132 681
321 681
496 681
567 681
634 681
138 682
364 682
388 682
413 682
466 682
518 682
13 683
23 683
98 683
100 683
438 683
488 683
525 683
542 683
569 683
642 683
234 684
290 684
293 684
465 684
545 684
579 684
612 684
46 685
221 686
255 686
450 686
486 686
167 687
187 687
263 687
553 687
53 688
190 688
402 688
457 688
539 688
71 689
197 689
350 689
381 689
616 689
5 690
177 690
480 690
94 691
164 691
176 691
306 691
389 691
503 691
613 691
643 691
148 692
317 692
366 692
657 692
24 693
68 693
184 693
307 693
397 693
478 693
115 694
130 695
263 695
436 695
507 695
153 696
190 696
415 696
508 696
536 696
281 697
470 697
490 697
636 697
262 698
475 698
635 698
216 699
406 699
573 699
625 700
355 701
686 701
658 702
36 703
120 703
293 703
602 703
661 703
689 703
18 704
44 704
290 704
458 704
510 704
624 704
625 704
656 704
82 705
289 705
302 705
447 705
652 705
61 706
357 706
372 706
568 706
700 706
57 707
153 707
544 707
605 707
616 707
116 708
289 708
330 708
370 708
378 708
511 708
239 709
584 709
703 709
43 710
80 710
113 710
513 710
582 710
678 710
110 711
417 711
485 711
13 712
145 712
186 712
232 712
319 712
334 712
389 712
711 712
34 713
594 713
610 713
68 714
124 714
143 714
226 714
395 714
254 715
399 715
426 715
514 715
25 716
345 716
426 716
542 716
560 716
99 717
352 717
488 717
666 717
369 718
266 719
333 719
552 719
603 719
96 720
192 720
278 720
538 720
541 720
75 721
188 721
194 721
196 721
548 721
566 721
577 721
713 721
292 722
476 722
551 722
661 722
227 723
258 723
326 723
345 723
395 723
418 723
680 723
12 724
113 724
190 724
275 724
318 724
395 724
511 724
617 724
663 724
103 725
127 725
249 725
14 726
220 726
224 726
472 726
520 726
80 727
109 727
179 727
276 727
323 727
358 727
437 727
531 727
645 727
143 728
221 728
282 728
302 728
332 728
374 728
438 728
532 728
661 728
163 729
511 729
155 730
378 730
33 731
408 731
459 731
549 731
633 731
16 732
396 732
492 732
719 732
84 733
173 733
479 733
120 734
267 734
308 734
501 734
37 735
72 735
344 735
564 735
590 735
131 736
389 736
445 736
514 736
622 736
641 736
216 737
239 737
646 737
25 738
41 738
126 738
316 738
564 738
16 739
559 739
638 739
104 740
174 740
186 740
479 740
549 740
619 740
43 741
57 741
168 741
676 741
78 742
199 742
363 742
454 742
486 742
495 742
49 743
307 743
423 743
650 743
651 743
114 744
664 744
3 745
505 745
514 745
676 745
735 745
25 746
375 746
481 746
277 747
296 747
508 747
695 747
83 748
338 748
540 748
158 749
377 749
425 749
536 749
730 749
130 750
195 750
248 750
294 750
389 750
409 750
624 750
642 750
405 751
664 751
703 751
15 752
376 752
385 752
189 753
559 753
663 753
41 754
61 754
349 754
362 754
570 754
228 755
65 756
316 756
178 757
417 757
590 757
610 757
657 757
658 757
663 757
689 757
221 758
239 758
286 758
449 758
550 758
558 758
637 758
85 759
483 759
684 759
756 759
48 760
110 760
240 760
499 760
528 760
21 761
223 761
362 761
415 761
6 762
98 762
374 762
459 762
489 762
591 762
672 762
93 764
94 764
188 764
180 765
282 765
319 765
736 765
32 766
98 766
122 766
137 766
138 766
258 766
330 766
90 767
97 767
143 767
163 767
579 767
152 768
250 768
395 768
491 768
646 768
715 768
30 769
83 769
182 769
207 769
215 769
363 769
393 769
664 769
667 769
59 770
221 770
434 770
481 770
763 770
347 771
476 771
594 771
241 772
393 772
561 772
707 772
100 773
267 773
78 774
372 774
494 774
52 775
209 775
307 775
363 775
416 775
581 775
661 775
666 775
87 776
257 776
323 776
362 776
386 776
427 776
453 776
636 776
95 777
358 777
432 777
731 777
755 777
375 778
403 778
507 778
671 778
56 779
88 779
125 779
200 779
449 779
489 779
739 779
776 779
207 780
390 780
537 780
689 780
179 781
211 781
300 781
419 781
538 781
553 781
772 781
452 782
515 783
649 783
53 784
512 784
254 785
492 785
504 785
579 785
616 785
656 785
193 786
572 786
613 786
199 787
384 787
442 787
444 787
721 787
198 788
234 788
289 788
351 788
439 788
450 788
664 788
170 789
197 789
129 790
270 790
70 791
81 791
200 791
505 791
784 791
31 792
410 792
413 792
450 792
663 792
724 792
773 792
320 793
523 793
534 793
192 794
378 794
453 794
534 794
595 794
755 794
760 794
1 795
104 795
234 795
317 795
451 795
773 795
24 796
187 796
526 796
555 796
762 796
171 797
193 797
618 797
771 797
131 798
146 798
230 798
619 798
781 798
191 799
359 799
583 799
765 799
205 800
331 801
648 801
665 801
741 801
46 802
200 802
357 802
372 802
427 802
659 802
41 803
276 803
355 803
373 803
482 803
510 803
539 803
177 804
573 804
626 804
638 804
110 805
140 805
176 805
179 805
376 805
385 805
98 806
123 806
384 806
677 806
34 807
63 807
105 807
121 807
181 807
268 807
444 807
547 807
774 807
789 807
20 808
281 808
666 808
53 809
153 809
255 809
487 809
618 809
719 809
29 810
61 810
185 810
214 810
367 810
688 810
749 810
174 811
322 811
523 811
747 811
253 812
309 812
444 812
552 812
248 813
350 813
617 813
306 814
696 814
752 814
811 814
103 815
108 815
598 815
806 815
435 816
2 817
35 817
240 817
399 817
454 817
568 817
612 817
729 817
119 818
354 818
648 818
772 818
100 820
258 820
505 820
648 820
34 821
597 821
692 821
721 821
723 821
803 821
819 821
57 822
172 822
306 822
394 822
402 822
436 822
64 823
4 824
95 824
372 824
393 824
703 824
782 824
193 825
777 825
811 825
67 826
312 826
330 826
363 826
426 826
471 826
518 826
536 826
35 827
215 827
236 827
794 827
259 828
261 828
330 828
509 828
660 828
92 829
124 829
186 829
237 829
316 829
649 829
733 829
826 829
76 830
103 830
175 830
266 830
390 830
528 831
793 831
238 832
594 832
725 832
739 832
125 833
295 833
531 833
576 833
639 833
807 833
164 834
254 834
292 834
318 834
686 834
699 834
1 835
3 835
149 835
309 835
500 835
596 835
114 837
285 837
327 837
251 838
348 838
412 838
488 838
168 839
513 839
838 839
49 840
216 840
217 840
349 840
354 840
365 840
375 840
390 840
614 840
751 840
225 841
271 841
492 841
216 842
262 842
599 842
672 842
41 843
165 843
325 843
344 843
412 843
746 843
205 844
303 844
664 844
197 845
340 845
342 845
581 845
607 845
96 846
319 846
559 846
731 846
802 846
329 847
759 847
175 848
202 848
441 848
667 848
838 848
3 849
31 849
173 849
378 849
400 849
663 849
55 850
303 850
710 850
158 851
164 851
171 851
583 851
64 852
327 852
337 852
428 852
777 852
126 853
343 853
545 853
550 853
137 854
416 854
173 855
309 855
315 855
339 855
418 855
430 855
480 855
592 855
828 855
835 855
836 855
848 855
232 856
765 856
122 857
740 857
368 858
411 859
439 859
573 859
133 860
146 860
434 860
547 860
648 860
38 861
457 861
831 861
113 862
483 862
14 863
157 863
223 863
418 863
456 863
529 863
735 863
785 863
354 864
529 864
570 864
576 864
823 864
127 865
350 865
457 865
474 865
660 865
673 865
743 865
56 866
97 866
248 866
251 866
4 867
157 867
239 867
545 867
661 867
730 867
828 867
55 868
466 868
674 868
710 868
778 868
82 869
85 869
179 869
195 869
264 869
542 869
167 870
63 871
273 871
509 871
737 871
771 872
44 873
744 873
140 874
504 874
521 874
716 874
791 874
808 874
230 875
409 875
433 875
839 875
115 876
220 876
235 876
415 876
518 876
466 877
67 878
108 878
243 878
359 878
386 878
510 878
702 878
732 878
759 878
50 879
267 879
294 879
524 879
663 879
9 880
391 880
464 880
496 880
669 880
700 880
766 880
145 881
350 881
543 881
640 881
451 882
453 882
786 882
83 883
158 884
380 884
586 884
212 885
319 885
448 885
847 885
206 886
261 886
574 886
588 886
222 887
373 887
529 887
653 887
738 887
96 888
264 888
378 888
401 888
445 888
547 888
582 888
404 889
441 889
697 889
792 889
106 890
193 890
295 890
310 890
371 890
480 890
502 890
884 890
145 891
405 891
864 891
166 892
523 892
724 892
466 893
607 893
628 893
633 893
635 893
742 893
496 894
697 894
4 895
44 895
178 895
606 895
623 895
756 895
799 895
92 896
360 896
418 896
545 896
58 897
194 897
322 897
835 897
38 898
94 898
141 898
384 898
480 898
650 898
733 898
479 899
506 899
34 900
349 900
395 900
604 900
750 900
755 900
643 901
811 901
91 902
180 902
230 902
437 902
698 902
291 903
301 903
365 903
417 903
532 903
648 903
744 903
877 903
894 903
115 904
641 904
728 904
736 904
274 905
308 905
313 905
500 905
558 905
565 905
34 906
298 906
287 907
325 907
645 907
756 907
730 908
839 908
28 909
126 909
295 909
480 909
571 909
662 909
141 910
304 910
506 910
582 910
724 910
746 910
878 910
133 911
343 911
680 911
747 911
804 911
336 912
352 912
487 912
687 912
708 912
844 912
391 913
613 913
678 913
811 913
873 913
895 913
64 914
311 914
422 914
425 914
682 914
756 914
121 915
126 915
200 915
263 915
266 915
336 915
508 915
732 915
