552
368
358
335
110
524
410
437
491
409
398
327
511
559
114
434
138
179
10
186
36
54
284
77
303
558
189
362
33
427
463
116
29
445
126
346
299
149
554
104
78
63
118
314
562
97
13
397
4
204
540
361
8
252
443
449
561
265
452
477
371
493
563
490
363
411
323
403
19
49
34
405
230
120
436
242
513
41
347
460
82
467
136
520
402
129
380
497
9
466
256
96
271
65
5
130
144
175
441
541
553
388
296
22
197
71
246
220
538
248
143
547
340
222
142
498
509
94
305
229
69
81
200
471
253
406
336
182
218
337
6
365
199
128
249
1
38
17
369
529
174
115
366
135
276
315
86
287
326
140
360
50
304
254
111
425
333
551
484
433
172
502
482
393
52
290
137
432
275
176
329
221
288
247
374
544
133
7
103
93
76
505
67
201
61
456
500
164
27
195
102
238
458
386
223
355
168
171
266
341
485
488
274
113
472
24
210
512
243
235
308
557
277
141
527
280
391
46
196
384
21
62
344
185
412
542
28
387
236
73
148
156
514
395
439
372
354
359
307
74
499
2
209
278
418
107
267
68
518
321
58
162
320
531
400
152
31
539
430
370
367
298
297
401
188
3
312
194
444
459
122
95
43
203
169
145
407
291
119
232
504
442
59
23
345
375
231
173
158
166
545
417
536
486
528
234
263
121
37
215
251
32
39
227
519
42
241
211
123
550
492
214
157
450
155
560
51
262
533
55
177
532
353
207
339
44
270
319
217
332
523
330
285
377
258
517
239
546
325
40
228
112
521
535
404
462
79
302
431
328
537
510
300
237
191
390
154
487
294
151
422
56
525
134
132
453
261
289
139
260
322
470
392
496
465
383
334
415
475
87
352
125
376
88
494
18
423
180
26
356
165
349
428
408
316
522
476
11
30
255
264
272
193
279
72
45
440
394
244
91
419
373
446
184
378
534
421
306
506
357
167
83
318
170
481
543
106
556
66
259
273
282
92
206
479
70
89
108
457
212
99
474
160
269
224
413
245
15
313
414
324
219
225
461
549
240
381
257
53
80
454
35
555
292
348
424
501
478
548
14
146
447
507
64
379
448
480
468
435
47
515
163
109
159
451
495
124
202
105
350
286
311
364
385
399
429
90
208
25
187
85
153
12
281
342
526
473
283
117
181
75
438
530
233
150
268
420
250
508
84
389
396
331
183
16
309
317
295
48
198
190
382
503
416
178
293
351
205
455
98
100
226
426
216
57
338
60
489
301
310
213
343
101
464
483
127
192
469
516
147
131
20
161
