563 1779
10 19
10 20
5 32
29 33
21 36
35 37
1 38
7 40
26 41
16 42
13 47
4 49
13 51
21 51
8 53
9 54
22 54
40 54
13 55
29 56
31 56
7 57
27 58
36 60
42 63
45 63
64 65
33 67
50 68
19 69
34 69
49 70
34 71
49 71
6 75
72 75
58 76
24 77
46 77
41 78
68 79
51 81
32 82
81 82
82 83
8 85
46 85
44 88
59 88
9 89
79 89
2 90
63 90
76 91
1 92
31 92
32 93
66 93
60 94
65 94
5 95
36 96
71 96
92 96
46 97
63 97
75 98
14 101
79 101
86 101
16 102
79 103
22 104
40 104
49 104
84 104
61 105
44 106
71 106
5 110
29 113
7 114
15 114
8 116
32 116
104 116
115 116
8 117
35 117
79 117
43 118
94 118
114 119
74 120
69 121
2 122
47 122
81 122
67 123
68 123
12 125
73 125
35 126
17 128
41 128
50 129
86 129
91 130
96 130
120 130
6 131
40 132
128 134
127 135
1 136
79 136
83 136
12 137
16 137
38 137
101 137
17 138
28 138
117 138
59 139
20 140
31 140
54 141
22 142
66 142
115 142
29 143
49 143
111 143
130 143
69 144
97 144
135 144
80 145
101 145
86 147
9 148
10 148
2 149
38 149
39 149
73 149
127 149
101 150
140 150
76 151
43 152
50 152
77 152
79 152
111 155
154 156
87 157
106 160
144 160
37 162
161 163
100 164
52 165
50 166
137 167
17 169
79 169
101 169
79 171
163 171
161 172
56 173
83 174
141 174
98 175
115 175
126 175
173 175
3 176
170 176
16 177
44 177
87 177
133 177
7 178
18 179
78 179
96 179
103 179
27 180
93 180
76 181
81 181
116 181
120 181
4 182
21 182
128 182
155 182
55 183
67 183
71 184
61 185
20 186
23 186
113 186
116 187
27 188
164 188
14 189
27 189
168 189
102 191
136 191
7 192
30 192
34 192
93 192
129 192
30 193
169 193
66 194
164 194
17 195
26 195
190 195
92 196
105 197
126 197
140 197
149 197
168 197
171 198
20 199
35 199
63 199
133 199
140 199
9 200
53 200
123 200
50 201
69 201
184 201
9 202
148 203
149 203
14 204
50 204
67 204
113 204
168 204
16 206
24 206
169 208
40 209
44 209
25 210
121 210
193 210
207 210
20 211
170 211
45 212
136 212
186 212
201 212
50 213
160 213
39 214
141 214
93 215
110 215
69 217
46 218
129 218
9 219
53 219
109 219
196 219
61 220
108 220
21 221
172 221
62 222
114 222
169 222
176 222
9 223
126 223
195 223
206 223
211 223
46 224
185 224
175 226
201 226
28 227
58 227
183 227
143 228
12 229
120 229
185 229
207 229
13 230
48 230
73 230
171 230
177 230
132 231
148 231
116 232
156 232
219 233
61 234
29 235
112 235
210 235
76 236
174 236
229 236
59 238
95 238
123 238
148 238
192 238
215 238
21 239
74 240
83 240
210 241
230 241
2 242
76 242
141 242
198 242
200 242
225 242
209 243
239 244
49 245
107 246
60 247
174 247
195 247
68 248
110 248
135 249
180 249
201 249
7 250
66 250
116 250
58 251
68 251
186 251
2 252
54 252
122 252
158 252
162 252
180 252
192 252
14 253
63 253
96 253
125 253
1 254
154 254
220 254
95 255
123 255
219 255
91 256
152 256
31 257
60 258
154 258
179 259
27 260
58 260
117 260
253 261
43 262
107 262
244 262
248 262
42 264
189 264
206 264
216 264
235 264
42 265
58 265
163 265
185 265
188 265
3 266
66 266
199 266
247 267
260 267
194 268
235 268
94 269
175 269
215 270
247 270
93 271
122 271
129 271
171 271
266 271
67 272
95 272
43 273
143 273
203 274
88 275
169 275
145 276
185 276
200 277
204 277
213 277
217 277
219 277
271 277
95 278
244 278
117 279
119 279
209 279
143 280
216 280
232 280
101 281
114 281
6 282
14 282
45 282
57 282
257 282
31 283
59 283
132 283
267 283
23 284
143 284
200 284
206 284
249 284
267 284
31 286
39 286
94 286
103 286
95 287
148 287
215 287
220 287
231 287
242 287
267 287
57 288
173 288
10 289
158 289
32 290
36 290
47 290
166 290
218 290
19 291
130 291
278 291
283 291
80 292
130 292
177 292
3 293
180 293
17 294
43 294
88 294
97 294
118 294
183 294
216 294
280 294
46 295
96 295
145 295
220 295
25 296
54 296
103 296
116 296
131 296
234 296
256 296
155 297
169 297
263 297
115 298
121 298
262 298
37 299
235 299
266 299
215 300
29 301
229 301
251 301
287 301
290 301
32 302
204 302
25 303
39 303
235 303
61 304
102 304
153 304
227 304
12 305
107 305
119 305
268 305
42 306
85 306
171 306
290 306
1 307
73 307
197 307
239 307
241 307
289 307
211 308
266 308
123 309
86 310
280 310
74 311
158 311
274 311
8 312
13 312
126 312
161 312
180 312
185 312
214 312
267 312
274 312
33 313
93 313
157 313
162 313
172 313
182 313
270 313
44 314
93 314
159 314
312 314
146 315
155 315
68 316
120 316
2 317
51 317
76 317
174 317
44 318
139 318
240 318
262 318
54 319
107 319
253 319
295 319
55 320
66 320
130 320
253 320
19 321
177 321
250 321
275 321
288 321
1 322
64 322
247 322
67 323
201 323
55 324
207 324
53 325
245 325
266 325
313 325
1 326
44 326
149 326
154 326
12 327
42 327
177 327
270 327
319 328
19 329
137 329
171 329
180 329
217 329
278 329
85 330
139 330
162 330
74 331
199 331
229 331
304 331
330 332
44 333
137 333
157 333
213 333
285 333
23 334
226 334
4 335
36 335
141 335
174 335
206 335
237 335
258 335
51 336
63 336
84 336
127 336
220 336
130 337
239 337
326 337
333 337
336 337
34 339
49 339
325 339
40 340
113 340
231 340
15 341
63 341
200 341
228 341
298 341
112 342
157 342
164 342
152 343
169 343
212 343
341 343
205 344
219 344
223 344
12 345
142 345
200 345
278 345
285 345
335 345
36 346
37 346
82 346
137 346
79 347
128 348
181 348
242 348
279 348
302 348
4 349
157 349
40 350
46 350
145 350
328 350
78 351
187 351
274 351
5 352
234 352
148 353
196 353
292 353
300 353
323 353
342 353
67 354
68 354
214 354
237 354
191 355
196 355
212 355
10 356
227 356
154 357
252 357
3 358
116 358
227 358
228 358
81 359
129 359
238 359
294 359
51 360
151 360
288 360
52 361
138 361
325 361
28 362
56 362
150 362
222 362
254 362
64 363
65 363
184 363
193 363
220 363
227 363
97 364
134 364
136 364
340 364
132 365
298 365
122 366
143 366
235 366
296 366
106 367
208 367
261 367
354 367
364 367
2 368
6 368
159 368
289 368
13 369
139 369
256 369
319 369
353 369
68 370
260 370
29 371
61 371
103 371
117 371
136 371
197 371
233 371
322 371
51 372
56 372
158 372
236 372
256 372
34 373
77 373
189 373
4 374
74 374
111 374
175 374
372 374
19 375
81 375
106 375
186 375
286 375
155 376
214 376
82 377
300 377
334 377
362 377
56 378
203 378
281 378
294 379
311 379
38 380
62 380
87 380
128 380
157 380
175 380
281 380
298 380
330 380
111 381
201 381
352 381
125 382
145 382
257 382
54 383
112 383
376 383
88 384
169 384
220 384
252 384
375 384
182 385
264 385
18 386
41 386
194 386
250 386
113 387
227 387
228 387
299 387
329 387
338 387
345 387
380 387
30 388
102 388
180 388
186 388
304 388
26 389
44 389
58 389
63 389
206 389
356 390
165 391
200 391
217 391
83 392
104 392
114 392
185 392
349 392
373 392
37 393
55 393
164 393
239 393
318 393
352 393
368 393
231 394
68 395
234 395
272 395
316 395
328 395
332 395
112 396
374 396
48 397
94 397
101 397
196 397
332 397
375 397
11 398
86 398
221 398
261 398
345 398
30 399
265 399
81 400
255 400
58 401
103 401
217 401
264 401
278 401
73 402
85 402
272 402
326 402
68 403
193 403
236 403
183 404
237 404
279 404
345 404
2 405
72 405
102 405
114 405
151 405
162 405
196 405
197 405
268 405
307 405
26 406
45 406
126 406
214 407
277 407
288 407
328 407
335 407
23 408
34 408
78 408
174 408
236 408
325 408
342 408
394 408
10 409
23 409
68 409
135 409
150 409
244 409
290 409
7 410
38 410
91 410
235 410
279 410
332 410
66 411
91 411
99 411
138 411
211 411
290 411
346 411
42 412
115 412
204 412
225 412
329 412
373 412
150 413
326 413
352 413
61 414
90 414
184 414
322 414
330 414
29 415
171 415
266 415
333 415
378 415
20 416
191 417
292 417
170 418
245 418
253 418
306 418
317 418
351 418
362 418
71 419
162 419
411 419
412 419
81 420
120 420
357 420
167 421
185 421
277 421
417 421
5 422
83 422
361 422
37 423
152 423
318 423
387 423
399 423
129 424
170 424
71 425
156 425
217 425
318 425
210 426
237 426
295 426
320 426
30 427
40 427
58 427
76 427
97 427
102 427
106 427
181 427
214 427
13 428
24 428
149 428
363 428
381 428
393 428
8 429
26 429
66 429
200 429
294 429
336 429
24 430
178 430
182 430
190 430
259 430
22 431
273 431
349 431
105 432
107 432
141 432
144 432
168 432
254 432
282 432
415 432
427 432
92 433
160 433
16 434
36 434
171 434
180 434
206 434
220 434
428 434
332 435
387 435
27 436
59 436
70 436
75 436
137 436
160 436
278 436
295 436
347 436
8 437
20 437
89 437
206 437
222 437
231 437
108 438
141 438
268 438
290 438
376 438
403 438
423 438
28 439
55 439
130 439
150 439
235 439
42 440
116 440
212 440
407 440
99 441
133 441
143 441
266 441
397 441
83 442
210 442
217 442
282 442
354 442
363 442
32 443
55 443
148 443
160 443
170 443
197 443
242 443
68 444
160 444
247 444
269 444
395 444
34 445
125 445
196 445
224 445
234 445
298 445
322 445
380 445
422 445
13 446
407 446
413 446
17 447
134 447
245 447
269 447
15 448
18 448
186 448
343 448
406 448
421 448
16 449
56 449
96 449
135 449
156 449
234 449
313 449
356 449
415 449
446 449
266 450
314 450
414 450
27 451
199 451
313 451
324 451
349 451
59 452
62 452
123 452
219 452
272 452
332 452
225 453
366 453
403 453
87 454
352 454
162 456
186 456
240 456
170 457
290 457
344 457
381 457
439 457
108 458
193 458
203 458
257 458
354 458
457 458
53 459
206 459
270 459
279 459
80 460
88 460
156 460
200 460
210 460
303 460
453 460
32 461
61 461
454 461
460 461
26 462
35 462
346 462
31 463
160 463
179 463
361 463
410 463
59 464
69 464
114 464
131 464
154 464
264 464
292 464
362 464
6 465
160 465
320 465
348 465
375 465
432 465
1 466
9 466
68 466
90 466
236 466
341 466
408 466
424 466
460 466
72 467
82 467
157 467
237 467
24 468
95 468
154 468
171 468
210 468
253 468
352 468
112 469
255 469
437 469
14 470
160 470
325 470
372 470
403 470
443 470
14 471
124 471
146 471
249 471
406 471
447 471
116 472
205 472
222 472
336 472
447 472
441 473
64 474
265 474
391 474
412 474
442 474
210 475
230 475
379 475
294 476
397 476
443 476
448 476
22 477
60 477
110 477
227 477
71 478
181 478
305 478
468 478
152 479
319 479
435 479
47 480
62 480
178 480
245 480
253 480
473 480
477 480
19 481
151 481
425 481
444 481
163 482
269 482
46 483
109 483
185 483
225 483
102 484
159 484
203 484
215 484
345 484
152 485
165 485
201 485
391 485
451 485
1 486
17 486
118 486
153 486
294 486
333 486
425 486
31 487
38 487
124 487
158 487
199 487
255 487
358 487
465 487
145 488
179 488
202 488
273 488
358 488
392 488
397 488
419 488
464 488
479 488
17 489
105 489
397 489
64 490
350 490
391 490
404 490
418 490
465 490
9 491
156 491
274 491
286 491
296 491
327 491
386 491
427 491
67 492
127 492
177 492
311 492
330 492
341 492
398 492
62 493
129 493
349 493
361 493
364 493
388 493
468 493
76 494
168 494
207 494
385 494
104 495
122 495
399 495
486 495
117 496
132 496
374 496
389 496
429 496
454 496
465 496
27 497
88 497
90 497
230 497
287 497
449 497
494 497
116 498
144 498
193 498
208 498
25 499
211 499
236 499
241 499
283 499
380 499
132 500
184 500
187 500
85 501
467 501
73 502
153 502
162 502
292 502
12 503
41 503
50 503
64 503
114 503
251 503
334 503
460 503
281 504
308 504
444 504
2 505
120 505
182 505
342 505
360 505
487 505
32 506
419 506
442 506
73 507
99 507
107 507
129 507
349 507
473 507
98 508
283 508
315 508
117 509
152 509
157 510
181 510
229 510
270 510
298 510
352 510
375 510
426 510
505 510
13 511
19 511
41 511
67 511
75 511
88 511
125 511
158 511
504 511
208 512
291 512
307 512
309 512
399 512
438 512
77 513
97 513
149 513
157 513
272 513
297 513
328 513
346 513
34 514
102 514
132 514
233 514
380 514
411 514
464 514
480 514
481 514
499 514
126 515
150 515
435 515
481 515
268 516
454 516
62 517
92 517
231 517
336 517
420 517
491 517
185 518
249 518
250 518
267 518
322 518
336 518
354 518
373 518
47 519
278 519
305 519
348 519
448 519
508 519
74 520
84 520
254 520
10 521
74 521
132 521
139 521
149 521
343 521
389 521
404 521
125 522
140 522
202 522
264 522
286 522
396 522
58 523
204 523
331 523
336 523
392 523
418 523
466 523
6 524
18 524
51 524
63 524
105 524
150 524
183 524
257 524
465 524
480 524
16 525
363 525
309 526
506 526
47 527
152 527
215 527
317 527
355 527
359 527
459 527
122 528
132 528
154 528
185 528
229 528
295 528
312 528
314 528
6 529
48 529
140 529
206 529
423 529
446 529
448 529
511 529
9 530
36 530
198 530
235 530
253 530
313 530
513 530
529 530
82 531
190 531
254 531
271 531
325 531
337 531
403 531
516 531
43 532
311 532
322 532
382 532
399 532
28 533
30 533
74 533
304 533
319 533
395 533
408 533
452 533
503 533
114 534
122 534
130 534
151 534
178 534
236 534
261 534
297 534
316 534
356 534
385 534
408 534
416 534
427 534
471 534
481 534
522 534
40 535
178 535
308 535
344 535
399 535
30 536
240 536
293 536
310 536
126 537
351 537
109 538
114 538
205 538
235 538
110 539
198 539
227 539
258 539
308 539
455 539
51 540
98 540
116 540
117 540
79 541
100 541
136 541
158 541
17 542
226 542
344 542
25 543
125 543
426 543
454 543
12 544
80 544
176 544
215 544
216 544
272 544
307 544
334 544
541 544
57 545
62 545
174 545
291 545
351 545
534 545
82 546
102 546
120 546
297 546
338 546
489 546
537 546
60 547
112 547
2 548
57 548
392 548
431 548
465 548
469 548
489 548
491 548
2 549
9 549
301 549
455 549
122 550
129 550
130 550
310 550
140 551
158 551
213 551
336 551
431 551
1 552
130 552
181 552
200 552
225 552
343 552
366 552
437 552
438 552
101 553
219 553
226 553
39 554
170 554
174 554
257 554
464 554
492 554
111 555
258 555
463 555
483 555
495 555
553 555
64 556
127 556
260 556
281 556
428 556
490 556
546 556
148 557
192 557
212 557
216 557
230 557
250 557
411 557
430 557
508 557
21 558
26 558
116 558
124 558
131 558
150 558
257 558
469 558
500 558
529 558
544 558
14 559
21 559
352 559
391 559
410 559
419 559
428 559
516 559
551 559
147 560
316 560
418 560
465 560
518 560
530 560
57 561
131 561
546 561
20 562
38 562
45 562
60 562
209 562
215 562
410 562
435 562
63 563
87 563
161 563
299 563
301 563
385 563
412 563
528 563
