647 1809
2 13
6 18
12 22
3 30
7 32
25 35
34 37
8 46
40 46
11 50
14 50
20 50
24 51
7 55
12 57
37 60
7 61
32 63
6 64
60 64
54 65
58 66
64 66
36 67
19 69
30 69
46 70
62 71
57 73
53 76
41 79
7 80
24 81
21 83
20 84
72 84
12 88
75 88
67 93
81 93
85 93
16 95
67 95
72 95
1 97
35 100
2 101
22 102
25 102
49 103
76 103
2 104
38 105
54 106
81 106
33 109
37 109
92 109
71 110
2 112
42 114
59 114
61 114
79 114
101 114
106 117
61 119
89 119
104 121
120 121
66 122
79 122
31 125
113 125
44 126
45 127
119 127
27 128
119 128
75 129
33 131
55 132
129 132
46 133
79 133
20 134
45 134
76 134
125 134
8 135
132 138
69 139
88 139
49 140
63 140
11 141
22 142
139 142
112 143
87 144
103 144
89 145
112 145
69 148
134 148
147 148
19 149
3 150
53 150
90 150
87 151
2 152
81 152
109 152
79 153
113 153
140 154
38 155
83 155
71 157
85 158
90 159
57 160
82 162
154 163
160 163
23 165
67 165
153 165
158 165
56 166
93 166
100 167
23 169
129 169
102 170
108 171
116 171
24 172
152 172
43 173
57 177
123 178
123 179
23 180
135 180
55 181
63 181
137 181
167 181
34 182
176 182
116 183
68 184
3 185
124 185
143 185
135 186
156 186
180 186
146 187
88 188
93 188
128 188
168 188
50 189
78 189
157 189
78 190
109 190
96 191
146 191
82 192
39 193
41 193
114 193
5 194
13 194
114 194
156 194
157 194
5 195
17 195
27 195
105 195
159 195
160 195
192 195
187 196
142 198
161 199
188 199
88 200
24 201
36 201
94 202
119 203
174 203
49 204
108 204
35 205
129 205
72 206
182 206
11 208
95 208
126 208
194 208
48 209
138 209
159 209
192 210
56 211
144 211
185 212
207 213
89 214
181 214
190 214
119 215
129 217
214 217
56 218
174 218
17 219
173 220
59 222
119 222
128 223
194 223
211 223
44 224
75 224
190 225
24 226
150 226
123 227
139 227
177 227
192 227
103 228
223 228
5 229
128 229
10 230
20 231
164 231
168 231
186 231
204 231
59 232
38 233
23 234
151 234
177 235
234 235
41 236
221 236
6 237
20 237
198 237
156 238
160 238
231 238
236 238
65 239
215 239
47 240
79 240
89 240
68 242
81 242
121 242
175 242
14 243
25 243
190 243
170 244
29 245
122 245
37 246
156 246
193 246
47 247
77 247
86 247
154 247
11 249
197 249
25 251
35 251
183 251
103 252
115 252
140 252
162 252
94 253
136 253
184 254
80 255
106 255
117 255
211 255
222 255
233 255
95 256
163 256
255 256
77 257
175 257
20 258
28 258
51 258
149 258
185 258
65 259
89 259
4 260
54 260
104 260
166 260
248 260
242 261
51 262
132 262
181 262
102 263
211 263
122 264
7 265
23 265
68 265
190 265
150 266
48 267
71 267
248 267
11 268
183 268
221 268
72 269
162 269
221 269
164 270
82 271
106 271
265 271
149 272
175 272
140 273
18 274
225 274
75 275
102 275
105 275
117 275
232 275
223 276
246 276
22 277
37 277
21 278
114 278
223 278
227 279
270 279
65 280
90 280
152 280
112 281
168 281
250 281
104 282
129 282
137 282
268 282
180 283
247 283
160 284
167 284
229 284
30 285
69 285
282 285
161 286
259 286
129 287
10 288
189 288
135 289
188 289
242 290
61 291
148 292
266 292
175 293
196 293
202 293
64 294
188 294
11 295
50 295
103 295
134 295
136 295
211 295
235 295
246 295
14 296
39 296
176 296
84 297
158 297
43 298
104 298
107 298
209 298
224 298
270 298
105 299
29 300
141 300
159 300
200 300
283 300
129 301
248 301
53 302
56 302
97 302
149 302
103 303
125 303
193 303
247 304
302 304
12 305
134 305
140 305
179 305
24 306
134 306
267 306
49 307
53 307
74 307
162 307
43 308
185 308
186 308
117 309
146 309
154 309
200 309
219 309
269 309
14 310
106 310
59 311
177 311
256 311
268 311
233 312
271 312
2 313
46 313
69 313
94 313
65 314
291 315
111 316
249 316
104 317
120 317
166 317
167 317
99 318
174 319
39 320
85 320
93 320
315 320
209 321
220 321
25 322
43 322
97 322
118 322
103 323
125 323
244 323
284 323
306 323
126 324
2 325
300 325
323 325
14 326
314 326
25 327
106 327
304 327
198 328
299 328
303 328
36 329
87 329
89 329
235 329
243 329
236 330
250 330
294 330
218 331
231 331
17 332
34 332
44 332
97 332
159 332
231 333
264 333
145 334
184 334
299 334
50 336
177 336
204 337
234 337
235 337
8 338
64 338
269 338
325 338
48 339
230 339
290 339
9 340
64 340
152 340
337 340
52 341
288 341
67 342
74 342
85 342
100 342
102 342
178 342
207 342
272 342
16 343
42 343
68 343
128 344
111 345
174 345
180 346
123 347
190 348
251 348
173 349
181 349
202 349
245 349
277 349
298 350
347 350
252 351
312 351
341 351
86 352
112 352
170 352
12 353
50 353
94 353
43 354
87 354
115 354
196 354
274 354
282 354
116 355
42 356
113 356
12 357
62 357
346 357
12 358
73 358
103 358
122 358
185 358
204 358
194 359
250 359
350 359
53 360
119 360
194 360
54 361
56 361
106 361
120 361
211 361
347 361
111 362
175 362
256 362
4 363
136 363
191 363
1 364
143 366
163 366
32 367
52 367
160 367
289 367
22 368
69 368
179 368
281 368
85 369
145 369
236 369
1 370
241 370
296 370
314 370
30 371
205 371
355 371
7 372
109 372
171 372
324 372
39 373
70 373
144 373
326 373
94 374
296 374
12 375
70 375
293 375
36 376
52 377
201 377
255 377
324 377
361 377
144 378
204 378
365 378
266 379
33 380
120 380
213 380
61 381
190 381
291 381
314 381
15 382
45 383
192 383
297 383
118 384
339 384
206 385
242 385
346 385
44 386
60 386
62 386
66 386
171 386
9 387
110 387
120 387
31 388
127 388
132 388
201 388
272 388
373 388
387 388
4 389
312 389
66 390
134 390
287 390
302 390
151 391
162 391
352 391
371 391
338 392
22 393
129 393
190 393
255 394
273 394
324 394
342 394
208 395
393 395
106 396
152 396
332 396
86 397
207 397
368 397
209 398
372 399
156 400
168 400
234 400
237 400
20 401
83 401
118 401
141 401
150 401
294 401
6 402
52 402
80 402
117 402
260 402
342 402
351 402
7 403
45 403
174 403
22 404
32 404
44 404
197 404
368 404
253 405
60 406
83 406
132 406
299 406
311 406
1 407
5 407
100 407
92 408
128 408
140 408
245 408
365 408
18 409
98 409
104 409
168 409
208 409
48 410
60 410
305 410
220 411
233 411
311 411
320 411
60 412
93 412
187 412
207 412
265 412
388 412
407 412
25 413
77 413
106 414
148 414
27 415
171 415
341 415
31 416
49 416
204 416
173 417
213 417
303 417
364 417
137 418
142 419
196 419
359 419
401 419
53 420
95 420
107 420
287 420
267 421
302 421
303 421
44 422
66 422
194 422
219 422
305 422
421 422
231 423
126 424
209 424
241 424
328 424
120 425
220 425
332 425
424 425
37 426
92 426
332 426
12 427
228 428
362 428
42 429
152 429
189 429
249 429
342 429
413 429
19 430
223 430
419 430
38 431
32 432
49 432
104 432
179 432
271 432
337 432
352 432
378 432
414 432
49 433
118 433
167 433
247 433
292 433
297 433
350 433
352 433
381 433
80 434
86 434
218 434
403 434
187 435
214 435
282 435
419 435
92 437
399 437
84 438
278 438
394 438
106 439
206 439
160 440
271 440
166 441
315 441
434 441
138 442
234 442
260 442
407 442
19 443
150 443
200 443
373 443
404 443
100 444
114 444
154 444
405 444
306 445
334 445
407 445
186 446
222 446
122 447
254 447
313 447
319 447
14 448
17 449
71 449
151 449
396 449
37 450
381 450
387 450
97 451
159 451
156 452
333 452
80 453
84 453
397 453
412 453
170 454
395 454
399 454
109 455
111 455
138 455
12 456
214 456
235 456
454 456
137 457
171 457
236 457
328 457
185 458
220 458
390 458
35 459
305 459
328 459
374 459
69 460
193 460
201 460
222 460
359 460
413 460
414 460
450 460
108 461
135 461
178 461
406 461
122 462
352 462
369 462
161 463
167 463
256 463
291 463
373 463
12 464
64 464
72 464
93 464
118 464
173 464
204 464
386 464
438 464
446 464
54 465
166 465
182 465
230 465
284 465
306 465
372 465
276 466
303 466
426 466
20 467
40 467
137 467
235 467
384 467
425 467
464 467
241 468
282 468
312 468
234 469
328 469
9 470
236 470
371 470
81 471
125 471
142 471
153 471
171 471
172 471
173 471
177 471
267 471
440 471
37 472
184 472
372 472
35 473
90 473
110 473
266 473
338 473
454 473
37 474
79 474
187 474
365 474
404 474
37 475
52 475
81 475
214 475
229 475
317 475
347 475
435 475
202 476
219 476
281 476
328 476
366 476
415 476
61 477
342 477
370 477
97 478
159 478
342 478
356 478
377 478
112 479
286 479
385 479
467 479
210 480
220 480
267 480
361 481
434 481
4 482
43 482
79 482
158 482
221 482
237 482
431 482
465 482
50 483
112 483
237 483
383 484
224 485
246 485
478 485
174 486
341 486
431 486
13 487
95 487
241 487
329 487
445 487
4 488
38 488
42 488
345 488
384 488
454 488
44 489
92 489
179 489
376 489
417 489
480 489
76 490
47 491
132 491
183 491
259 491
235 492
252 492
476 492
35 493
120 493
209 493
239 493
323 493
329 493
369 493
401 493
408 493
432 493
40 494
267 494
355 494
33 495
239 495
254 495
272 495
311 495
365 495
421 495
491 495
20 496
52 496
87 496
127 496
216 496
225 496
276 496
71 497
278 497
332 497
358 497
93 498
171 498
392 498
106 499
140 499
239 499
269 499
310 499
324 499
429 499
448 499
469 499
15 500
61 500
75 500
117 500
271 500
360 500
442 500
465 500
20 501
187 501
198 501
255 501
423 501
428 501
177 502
237 502
392 502
175 503
262 503
361 503
68 504
100 504
267 504
52 505
364 505
34 506
415 506
503 506
80 507
172 507
182 507
67 508
193 508
317 508
336 508
411 508
5 509
32 509
77 509
79 509
214 509
324 509
389 509
462 509
13 510
255 510
261 510
280 510
441 510
445 510
29 512
81 512
183 512
131 513
190 513
204 513
481 513
104 514
133 514
121 515
128 515
199 515
230 515
340 515
415 515
122 516
201 516
214 516
377 516
220 517
229 517
310 517
11 518
155 518
252 518
274 518
310 518
328 518
93 519
294 519
110 520
113 520
343 520
368 520
439 520
110 521
252 521
335 521
43 522
49 522
61 522
66 522
161 522
237 522
343 522
444 522
152 523
304 523
116 524
300 524
357 524
496 524
387 525
431 525
418 526
519 526
269 527
466 527
49 528
132 528
134 528
240 528
14 529
122 529
280 529
367 529
10 530
114 530
263 530
526 530
47 531
424 531
20 532
121 532
135 532
206 532
316 532
399 532
235 533
280 533
320 533
436 533
64 534
179 534
262 534
339 534
407 534
19 535
31 535
58 535
105 535
344 535
486 535
70 536
486 536
68 537
70 537
87 537
136 537
288 537
409 537
436 537
489 537
361 538
202 539
239 539
342 539
371 539
7 540
190 540
315 540
520 540
15 541
269 541
377 541
465 541
521 541
7 542
143 542
393 542
428 542
198 543
484 543
136 544
330 544
501 544
106 545
358 545
364 545
396 545
438 545
509 545
514 545
22 546
274 546
278 546
270 547
272 547
281 547
303 547
305 547
14 548
34 548
160 548
197 548
353 548
384 548
112 549
120 549
303 549
328 549
220 550
350 550
354 550
407 550
185 551
486 551
542 551
140 552
155 552
20 553
76 553
115 553
260 553
413 553
461 553
81 554
148 554
287 554
388 554
417 554
512 554
267 555
390 555
426 555
70 556
535 556
10 557
106 557
128 557
315 557
378 557
401 557
407 557
414 557
46 558
100 558
175 558
266 558
374 558
477 558
372 559
186 560
423 560
520 560
108 561
266 561
330 561
41 562
87 562
301 562
532 562
9 563
490 563
137 564
298 564
454 564
486 564
511 564
14 565
104 565
298 565
503 565
408 566
49 567
221 567
446 567
27 568
308 568
429 568
2 569
326 569
370 569
97 570
189 570
63 571
349 571
171 572
51 573
95 573
276 573
356 573
446 573
25 574
96 574
175 574
214 574
287 574
307 574
89 575
160 575
170 575
324 575
350 575
459 575
507 575
8 576
51 576
240 576
295 576
537 576
73 577
185 577
207 577
344 577
172 578
295 578
498 578
514 578
573 578
1 579
52 579
108 579
228 579
229 579
251 579
317 579
373 579
419 579
13 580
28 580
555 581
25 582
233 582
339 582
515 582
580 582
31 583
113 583
191 583
221 583
568 583
574 583
198 584
379 584
425 584
473 584
482 584
510 584
583 584
86 585
136 585
142 585
263 585
276 585
305 585
453 585
540 585
550 585
3 586
11 586
69 586
225 586
247 586
452 586
162 587
253 587
318 587
429 587
451 587
490 587
144 588
336 588
352 588
455 588
574 588
118 589
212 589
294 589
312 589
436 589
584 589
47 590
144 590
245 590
324 590
122 591
201 591
355 591
563 591
267 592
415 592
524 592
575 592
579 592
150 593
450 593
515 593
561 593
116 594
181 594
431 594
575 594
72 595
121 595
180 595
223 595
247 595
276 595
279 595
482 595
491 595
527 595
547 595
387 596
436 596
448 596
501 596
67 597
147 597
333 597
480 597
504 597
26 598
43 598
190 598
199 598
314 598
160 599
253 599
284 599
396 599
534 599
585 599
59 600
486 600
512 600
205 601
224 601
241 601
321 601
450 601
467 601
484 601
128 602
201 602
207 602
303 602
399 602
88 603
344 603
399 603
464 603
59 604
88 604
140 604
328 604
431 604
563 604
14 605
51 605
130 605
155 605
193 605
496 605
590 605
7 606
71 606
126 606
282 606
396 606
535 606
594 606
596 606
6 607
32 607
151 607
161 607
173 607
329 607
396 607
415 607
426 607
163 608
240 608
229 609
596 609
53 610
195 610
227 610
243 610
328 610
375 610
422 610
98 611
428 611
434 611
464 611
609 611
117 612
363 612
511 612
59 613
114 613
126 613
376 613
525 613
532 613
317 614
326 614
105 615
233 615
329 615
47 616
112 616
151 616
237 616
286 616
66 617
336 617
126 618
129 618
289 618
328 618
504 618
538 618
53 619
95 619
196 619
204 619
231 619
259 619
491 619
585 619
3 620
48 620
160 620
319 620
90 621
143 621
194 621
329 621
350 621
448 621
76 622
83 622
179 622
344 622
547 622
576 622
586 622
91 623
212 623
432 623
480 623
554 623
563 623
567 623
109 624
128 624
491 624
524 624
141 625
325 625
340 625
342 625
587 625
87 626
101 626
250 626
317 626
390 626
437 626
481 626
11 627
83 627
311 627
321 627
337 627
491 627
500 627
501 627
13 628
141 628
227 628
287 628
578 628
161 629
227 629
465 629
201 630
265 630
330 630
605 630
57 631
59 631
78 631
91 631
355 631
502 631
549 631
598 631
629 631
107 632
222 632
419 632
611 632
39 633
276 633
312 633
319 633
352 633
357 633
395 633
117 634
141 634
169 634
229 634
325 634
542 634
617 634
77 635
123 635
184 635
615 635
3 636
199 636
396 636
420 636
459 636
541 636
601 636
109 637
157 637
242 637
247 637
303 637
369 637
400 637
625 637
327 638
516 638
89 639
228 639
441 639
454 639
525 639
363 640
437 640
453 640
44 641
101 641
458 641
462 641
500 641
517 641
92 642
137 642
149 642
205 642
219 642
228 642
329 642
347 642
405 642
457 642
500 642
605 642
35 643
70 643
79 643
111 643
575 643
123 644
160 644
221 644
231 644
478 644
35 645
155 645
427 645
513 645
522 645
15 646
60 646
113 646
228 646
303 646
494 646
540 646
553 646
90 647
174 647
232 647
