579
101
636
482
194
402
55
46
387
230
208
464
628
548
382
95
195
6
430
50
83
12
234
81
582
598
128
258
245
69
416
404
380
332
643
67
277
105
296
494
193
343
322
386
383
313
616
620
528
353
24
475
610
465
132
361
160
535
114
64
381
71
181
340
280
58
508
504
586
537
110
595
57
342
275
103
257
189
153
453
106
162
21
20
93
585
329
139
259
647
623
489
85
253
72
191
570
409
318
558
626
25
323
260
299
54
632
561
190
473
345
549
583
613
252
355
634
433
127
493
532
516
179
185
471
424
119
223
287
605
513
491
79
306
180
295
642
442
88
552
300
22
366
211
334
187
597
134
272
226
449
396
165
309
518
246
637
297
451
440
522
307
256
231
158
56
284
400
23
102
572
152
220
203
574
182
311
461
622
135
349
206
268
472
124
156
435
289
429
540
146
82
41
621
192
619
249
584
515
443
602
539
174
49
371
385
577
126
398
480
144
589
207
217
239
496
129
331
422
173
644
255
228
601
274
150
177
646
5
339
186
59
38
337
456
238
483
236
215
608
468
121
14
170
29
485
283
301
316
359
348
351
136
495
233
362
175
149
89
553
510
51
530
122
412
379
48
221
541
164
312
547
394
225
75
573
37
546
270
529
250
285
247
167
30
161
390
10
188
242
61
148
375
519
235
176
84
565
328
200
248
53
421
523
410
445
74
43
154
517
406
633
2
65
557
111
614
99
447
39
627
118
244
590
338
569
638
303
607
630
218
34
264
145
521
617
432
269
290
625
52
100
16
603
488
357
350
251
571
347
341
391
94
282
116
42
346
497
419
500
503
428
4
505
474
143
32
397
462
1
470
559
463
459
293
36
478
204
266
33
314
15
45
467
479
62
525
554
509
302
352
502
395
273
393
599
368
209
437
168
141
117
7
44
444
60
550
566
18
305
320
407
77
460
27
31
213
526
142
107
267
219
560
531
120
92
645
501
413
19
604
378
292
403
214
533
640
545
520
271
166
138
373
405
487
567
319
596
17
593
587
333
80
564
588
454
137
641
374
414
178
369
291
438
629
527
425
241
499
9
125
184
90
365
229
492
370
159
286
210
434
431
237
543
224
536
13
384
417
76
183
476
35
40
254
216
358
392
469
360
544
631
506
68
364
415
172
411
389
261
612
600
131
133
199
201
310
11
294
439
335
66
304
624
639
418
466
240
367
263
47
562
436
262
556
486
288
618
202
315
377
551
484
330
514
278
281
197
112
354
542
155
115
388
581
70
401
477
372
423
108
87
591
298
104
408
446
308
326
97
63
171
356
96
507
8
73
498
592
28
555
580
568
198
86
452
490
455
212
324
563
524
450
606
279
609
147
26
534
512
205
399
344
140
130
594
426
163
611
243
98
511
376
317
635
151
336
538
196
3
448
576
91
109
325
481
321
578
227
265
78
222
276
169
615
420
157
327
441
363
458
457
575
123
427
113
232
