583 1792
4 17
3 20
15 20
13 21
18 27
2 30
23 30
27 35
14 36
2 37
36 41
9 42
9 43
11 44
43 45
44 47
44 49
26 50
35 50
36 51
4 52
22 52
15 53
13 54
7 59
48 60
58 60
2 62
38 63
8 67
36 69
9 70
68 72
22 74
24 77
76 78
35 79
26 80
3 81
48 81
47 83
2 84
19 85
10 86
29 86
67 87
56 88
14 89
26 93
68 93
3 94
50 94
78 95
81 95
71 96
83 97
47 98
9 99
34 100
40 100
51 100
84 100
38 103
42 103
100 103
100 104
50 105
55 105
75 105
49 106
95 106
61 107
71 107
63 108
37 109
105 109
89 110
4 111
102 111
58 112
66 112
106 113
17 115
70 117
97 117
19 118
109 118
64 120
65 120
114 120
58 121
103 121
94 122
32 124
82 124
17 125
56 125
81 125
114 125
10 127
58 127
116 128
70 129
5 130
9 130
15 132
126 132
84 133
86 133
41 134
56 134
14 135
89 135
119 135
56 137
118 137
82 139
24 140
53 140
111 140
126 141
98 142
111 142
48 143
85 143
90 143
114 143
128 143
2 144
127 146
132 146
65 150
99 150
48 151
40 153
11 154
38 154
104 154
18 155
147 155
152 155
70 156
58 158
84 160
10 161
36 161
137 161
29 162
31 162
114 162
119 162
9 163
91 163
119 163
61 164
111 164
38 166
62 166
152 166
76 167
156 167
164 167
3 168
75 168
109 168
109 170
130 170
142 171
7 172
75 174
109 175
166 175
167 175
65 176
151 176
174 176
123 177
91 178
7 179
102 179
164 179
166 179
63 180
76 180
143 180
95 182
169 184
118 185
134 185
174 185
175 185
53 187
168 187
43 188
100 188
131 188
24 190
120 190
40 191
77 191
90 191
94 191
102 191
133 191
11 192
149 192
68 193
73 193
76 193
85 193
95 193
110 193
73 194
10 195
104 195
13 196
40 196
46 196
53 196
118 196
153 196
4 197
181 197
33 198
65 198
195 198
173 199
51 200
144 200
147 202
74 203
83 203
184 203
9 204
16 204
95 204
108 204
176 205
186 205
5 206
74 206
86 206
174 206
62 207
115 208
147 208
2 209
139 209
180 209
93 210
151 210
160 210
171 210
108 211
132 211
190 211
19 212
77 212
125 212
191 212
196 212
65 213
9 214
196 215
207 215
54 216
92 216
135 216
47 217
97 217
54 218
67 218
2 219
25 221
72 221
111 222
100 223
138 224
223 224
78 225
90 226
159 226
203 226
42 227
138 227
156 227
205 227
115 228
169 228
223 228
73 229
225 229
22 230
52 231
187 231
224 231
130 232
135 232
96 233
119 233
132 233
218 233
223 234
93 235
147 235
111 236
229 236
234 236
29 237
23 238
189 238
33 239
215 239
1 240
125 240
167 240
239 240
138 241
141 241
202 241
57 242
80 242
123 244
17 245
81 245
89 246
213 246
96 247
141 247
142 247
17 248
59 248
83 248
66 249
97 249
116 249
240 249
117 250
228 250
14 251
65 251
103 251
142 251
192 251
223 251
22 252
105 252
184 252
250 252
22 253
28 253
170 253
119 254
34 255
180 255
188 255
23 256
198 257
213 257
242 257
144 258
251 258
45 259
85 259
114 259
241 259
27 261
191 261
11 262
49 262
128 263
209 263
216 263
126 264
219 264
84 265
105 266
111 266
114 266
192 266
51 267
141 267
210 267
131 268
179 268
213 268
49 269
154 269
244 269
18 271
69 271
135 271
207 271
247 271
89 272
211 272
228 272
244 272
265 272
129 274
206 274
269 274
15 275
65 275
83 275
129 275
136 275
161 275
220 275
115 276
222 276
225 276
230 276
228 277
240 277
250 277
146 278
193 278
194 278
233 278
84 279
168 279
224 279
245 279
251 279
277 279
4 280
171 280
176 280
66 281
93 281
224 281
150 282
28 283
94 283
155 283
225 283
33 284
82 284
140 284
261 284
218 285
275 285
97 286
186 286
89 287
133 287
155 287
24 288
236 288
257 288
130 289
46 290
114 290
168 290
212 290
97 291
188 291
192 291
250 291
28 292
59 292
94 292
130 292
172 292
223 292
229 292
242 292
253 292
22 293
37 293
86 293
92 293
101 293
113 293
181 293
261 293
275 293
290 293
32 294
56 294
127 294
187 294
273 294
56 295
161 295
212 295
76 296
196 296
201 296
19 297
52 297
80 297
295 297
42 298
100 298
202 298
219 298
221 298
34 299
71 299
131 299
291 299
46 300
108 300
247 300
58 301
133 301
151 301
196 301
20 302
195 302
65 303
69 303
130 303
158 303
169 303
237 303
298 303
32 304
190 304
73 305
99 305
119 305
106 306
183 307
154 308
177 308
241 308
49 309
60 309
87 309
138 310
146 310
226 310
139 311
178 311
42 312
111 313
229 313
243 313
81 314
95 314
171 314
189 314
29 315
49 315
185 315
259 315
284 315
14 316
100 316
135 316
214 316
274 316
47 317
139 317
274 317
134 318
58 319
161 319
194 319
231 319
244 319
47 320
314 320
22 321
128 321
140 321
106 322
178 322
193 322
285 322
71 323
200 323
203 323
33 324
57 324
101 324
304 324
34 326
122 326
123 326
167 326
231 326
325 326
159 327
239 327
286 327
3 328
236 328
140 329
264 330
278 330
70 331
112 331
19 332
28 332
146 332
166 332
175 332
308 332
316 332
93 333
103 333
258 333
282 333
331 333
118 334
239 334
289 334
56 335
151 335
329 335
230 336
239 336
288 336
142 337
194 337
60 338
62 338
155 338
243 338
277 338
64 339
255 339
283 339
309 339
313 339
7 340
72 340
206 340
106 341
135 341
239 341
26 342
40 342
142 342
311 342
337 342
97 343
143 343
152 343
195 343
288 343
84 344
105 344
325 344
1 345
36 345
131 345
305 345
340 345
85 346
135 346
214 346
325 347
60 348
69 349
116 349
140 349
165 350
252 350
69 351
91 351
92 351
110 351
157 351
167 351
260 351
308 351
314 351
285 352
301 352
274 353
330 353
67 354
103 354
152 354
266 354
293 354
66 355
165 355
188 355
125 356
5 357
78 357
332 357
275 358
25 359
94 359
116 359
150 359
115 360
224 360
308 360
353 360
40 361
201 361
359 361
219 362
233 362
41 363
170 363
188 363
209 363
215 363
243 364
249 364
351 365
81 366
196 366
211 366
224 366
202 367
7 368
281 368
304 368
331 368
211 369
229 369
20 370
87 370
107 370
177 370
86 371
41 372
77 372
143 372
85 373
99 373
140 373
146 373
333 373
364 373
115 374
134 374
157 374
163 374
175 374
251 374
90 375
215 375
250 375
46 376
72 376
308 376
343 376
51 377
78 377
139 377
319 377
360 377
14 378
68 378
281 378
326 378
356 378
359 378
26 379
35 379
221 379
307 379
335 379
141 380
142 380
326 380
328 380
345 380
65 381
145 381
204 381
267 381
311 381
318 381
349 381
363 381
53 382
123 382
129 382
8 383
45 383
106 383
221 383
305 383
44 384
169 384
373 384
71 385
381 385
76 386
84 386
335 386
345 386
44 387
239 387
318 387
322 387
351 387
223 388
241 388
253 388
335 388
28 389
31 389
113 389
124 389
144 389
175 390
239 390
313 390
20 391
53 391
64 391
75 391
255 391
321 391
69 392
176 392
10 393
274 393
377 394
378 394
3 395
25 395
125 395
190 395
102 396
162 396
172 396
218 396
343 396
1 397
290 397
340 397
387 397
83 398
113 398
188 398
252 398
278 398
345 398
60 399
116 399
234 399
244 399
248 399
262 399
276 399
316 399
359 399
363 399
390 399
108 400
183 400
308 400
351 400
397 400
154 401
197 402
203 402
285 402
68 403
394 403
381 404
104 405
110 405
177 405
194 405
222 405
262 405
289 405
345 405
382 405
395 405
20 406
45 406
295 406
354 406
99 407
205 407
305 407
65 408
254 408
21 409
202 409
106 410
147 410
148 410
170 410
378 410
343 411
20 412
63 412
302 412
357 412
158 413
333 413
348 413
265 414
377 414
59 415
148 415
179 415
352 415
354 415
114 416
204 416
277 416
285 416
298 416
201 417
257 417
278 417
398 417
136 418
155 418
189 418
268 418
290 418
329 418
413 418
94 419
167 419
172 419
202 419
251 419
295 419
335 419
372 419
392 419
8 420
316 420
350 420
419 420
25 421
184 421
232 421
357 421
367 421
262 422
310 422
311 422
376 422
24 423
35 423
157 423
315 423
352 423
357 423
209 424
246 424
270 424
288 424
305 424
323 424
364 424
373 424
419 424
53 425
405 425
22 426
109 426
121 426
200 426
231 426
285 426
384 426
13 427
34 427
111 427
161 427
368 427
101 428
160 428
299 428
211 429
291 429
385 429
76 430
184 430
414 430
75 431
90 431
213 431
285 431
300 431
324 431
330 431
390 431
392 431
416 431
19 432
174 432
197 432
352 432
132 433
232 433
296 433
315 433
368 433
29 434
179 434
4 435
229 435
255 435
312 435
319 435
321 435
357 435
93 436
137 436
243 436
296 436
306 436
29 437
198 437
203 437
157 438
161 438
239 438
243 438
251 438
108 439
111 439
269 439
435 439
11 440
99 440
173 440
226 440
303 440
383 440
72 441
75 441
89 441
152 441
215 441
242 441
265 441
385 441
253 442
266 442
51 443
128 443
155 443
206 443
237 443
288 443
374 443
213 444
262 444
314 444
193 445
253 445
96 446
111 446
219 446
270 446
335 446
388 446
409 446
21 447
114 447
199 447
251 447
272 447
301 447
313 447
428 447
11 448
66 448
106 449
206 449
212 449
232 449
262 449
320 449
432 449
92 450
104 450
117 450
122 450
154 450
64 451
71 451
151 451
385 451
437 451
61 452
169 452
246 452
288 452
306 452
307 452
399 452
101 453
238 453
310 453
330 453
91 454
220 454
284 454
307 454
338 454
69 455
88 455
143 455
279 455
308 455
398 455
435 455
47 456
61 456
90 456
215 456
389 456
12 457
25 457
47 457
355 457
55 458
154 458
379 458
399 458
14 459
146 459
386 459
455 459
268 460
348 460
237 461
247 461
315 461
379 461
380 461
396 461
408 461
44 462
338 462
374 462
410 462
424 462
302 463
309 463
347 463
420 463
263 464
280 464
337 464
341 464
365 464
391 464
51 465
104 465
184 465
325 465
386 465
407 465
460 465
45 466
104 466
107 466
153 466
400 466
426 466
456 466
39 467
62 468
78 468
86 468
125 468
135 468
175 468
352 468
420 468
361 469
410 469
421 469
174 470
385 470
419 470
97 471
146 471
170 471
176 471
204 471
246 471
328 471
356 471
370 471
70 472
364 472
62 473
73 473
86 473
124 473
293 473
402 473
2 474
119 474
297 474
316 474
408 474
40 475
59 475
158 475
188 476
380 476
425 476
82 477
108 477
402 477
422 477
435 477
72 478
151 478
259 478
405 478
444 478
42 479
89 479
149 479
266 479
310 479
354 479
378 479
465 479
26 480
99 480
151 480
227 480
333 480
348 480
424 480
443 480
454 480
474 480
145 481
163 481
186 481
402 481
421 481
22 482
47 482
91 482
185 482
395 482
22 483
31 483
61 483
167 483
235 483
383 483
395 483
460 483
13 484
176 484
217 484
286 484
25 485
28 485
97 485
200 485
391 485
401 485
427 485
60 486
399 486
60 487
71 487
95 487
111 487
205 487
481 487
14 488
132 488
346 488
368 488
443 488
122 489
139 489
184 489
227 489
285 489
446 489
475 489
45 490
58 490
70 490
295 490
302 490
318 490
381 490
395 490
238 491
489 491
151 492
188 492
252 492
368 492
3 493
82 493
129 493
177 493
360 493
464 493
10 494
329 494
36 495
94 495
315 495
337 495
462 495
45 496
69 496
90 496
103 496
196 496
273 496
469 496
52 497
73 497
104 497
123 497
259 497
348 497
493 497
19 498
89 498
99 498
197 498
390 498
452 498
104 499
134 499
153 499
166 499
178 499
183 499
391 499
394 499
22 500
59 500
96 500
101 500
205 500
217 500
227 500
249 500
343 500
344 500
479 500
140 501
226 501
243 501
424 501
130 502
201 502
238 502
318 502
482 503
2 504
17 504
57 504
86 504
95 504
192 504
283 504
323 504
347 504
431 504
468 504
174 505
357 505
497 505
184 506
259 506
380 506
381 506
384 506
71 507
87 507
171 507
289 507
314 507
392 507
18 508
58 508
155 508
264 508
382 508
415 508
449 508
454 508
137 509
180 509
209 509
323 509
347 509
435 509
451 509
156 510
211 510
229 510
243 510
10 511
78 511
165 511
202 511
230 511
492 511
39 512
81 512
122 512
215 512
332 512
406 512
407 512
502 513
68 514
154 514
204 514
232 514
452 514
155 515
174 515
229 515
261 515
338 515
111 516
384 516
173 517
257 517
333 517
345 517
425 517
454 517
138 518
484 518
510 518
271 519
366 519
380 519
463 519
465 519
492 519
134 520
240 520
292 520
345 520
367 520
171 521
368 521
372 521
65 522
401 522
441 522
474 522
3 523
27 523
89 523
113 523
139 523
256 523
497 523
306 524
210 525
277 525
309 525
377 525
382 525
466 525
27 526
28 526
135 526
180 526
285 526
488 526
504 526
29 527
72 527
75 527
122 527
162 527
362 527
429 527
460 527
490 527
7 528
13 528
129 528
167 528
414 528
445 528
489 528
9 529
143 529
162 529
261 529
263 529
328 529
473 529
514 529
33 530
79 530
259 530
270 530
499 530
508 530
85 531
98 531
102 531
116 531
291 531
356 531
446 531
193 532
222 532
362 533
397 533
431 533
447 533
205 534
281 534
294 534
399 534
482 534
20 535
39 535
232 535
371 535
473 535
502 535
15 536
146 536
178 536
202 536
212 536
281 536
431 536
59 537
89 537
305 537
326 537
454 537
500 537
164 538
258 538
276 538
304 538
362 538
458 538
507 538
116 539
175 539
47 540
198 540
235 540
356 540
402 540
53 541
147 541
175 541
261 541
280 541
317 541
80 542
122 542
515 542
28 543
59 543
91 543
208 543
407 543
14 544
140 544
223 544
454 544
86 545
108 545
271 545
439 545
475 545
177 546
258 546
338 546
389 546
462 546
145 547
198 547
212 547
230 547
235 547
331 547
332 547
408 547
521 547
71 548
193 548
302 548
380 548
466 548
5 549
32 549
92 549
187 549
261 549
391 549
436 549
477 549
109 550
136 550
183 550
346 550
494 550
41 551
428 551
450 551
549 551
450 552
45 553
181 553
182 553
238 553
386 553
468 553
89 554
145 554
266 554
296 554
317 554
387 554
426 554
61 555
289 555
338 555
420 555
509 555
76 556
79 556
331 556
360 556
440 556
31 557
54 557
112 557
536 557
38 558
240 558
398 558
459 558
35 559
111 559
202 559
317 559
130 560
88 561
261 561
265 561
281 561
443 561
479 561
492 561
12 562
35 562
50 562
67 562
89 562
322 562
428 562
480 562
44 563
136 563
218 563
297 563
323 563
371 563
441 563
458 563
497 564
503 564
528 564
178 565
204 565
308 565
378 565
202 566
242 566
253 566
277 566
420 566
444 566
130 567
210 567
212 567
217 567
251 567
253 567
303 567
307 567
399 567
99 568
104 568
263 568
304 568
393 568
403 568
507 568
531 568
532 568
541 568
46 569
72 569
280 569
335 569
57 570
63 570
116 570
128 570
180 570
204 570
422 570
492 570
524 570
225 571
333 571
450 571
212 572
312 572
103 573
135 573
255 573
484 573
550 573
351 574
365 574
541 574
176 575
250 575
275 575
298 575
395 575
419 575
552 575
562 575
106 576
129 576
329 576
458 576
550 576
93 577
123 577
227 577
237 577
365 577
393 577
491 577
65 578
89 578
500 578
294 579
515 579
550 579
557 579
572 579
42 580
49 580
62 580
79 580
148 580
212 580
363 580
403 580
468 580
505 580
217 581
253 581
296 581
394 581
65 582
84 582
228 582
333 582
371 582
375 582
84 583
221 583
273 583
382 583
420 583
498 583
