463
72
55
6
191
53
487
522
467
181
482
384
21
335
385
143
314
129
409
440
429
214
349
448
185
415
372
302
196
410
236
374
163
546
257
171
494
390
45
422
201
498
355
362
39
87
162
56
416
211
245
510
187
504
292
220
259
233
286
225
342
176
116
441
491
60
339
88
238
25
30
2
423
484
363
78
505
190
266
151
165
158
272
382
336
254
5
488
295
356
192
353
373
424
328
168
430
386
93
274
204
256
507
457
26
11
496
511
398
62
159
57
75
354
489
112
479
210
303
333
458
252
329
71
213
532
258
269
118
271
1
105
352
287
361
316
276
296
219
543
273
420
16
150
189
445
443
521
153
246
155
539
512
224
217
346
66
82
538
407
226
290
33
270
81
340
58
96
341
115
113
395
534
92
23
89
351
251
537
200
391
370
412
247
102
215
461
73
513
12
128
315
394
195
194
29
184
47
523
486
379
506
508
297
426
519
262
404
465
122
425
309
125
83
338
164
304
444
139
281
545
345
330
154
249
161
167
526
419
366
250
459
202
321
348
541
319
69
327
263
434
376
427
470
485
123
209
524
227
231
529
533
435
86
344
229
381
34
91
405
157
207
240
267
322
79
264
131
306
10
188
197
136
100
285
137
205
396
46
36
310
41
149
481
367
291
134
174
476
145
326
299
411
503
455
279
357
325
218
525
447
28
119
278
413
235
515
469
212
446
43
332
239
317
132
32
365
454
193
323
104
265
501
392
298
475
402
95
436
110
52
312
120
35
14
85
473
388
124
474
169
198
63
331
22
206
375
222
418
478
544
483
175
114
438
468
308
40
19
437
135
44
305
313
106
462
7
449
387
182
68
27
514
350
421
242
186
535
466
393
37
84
433
126
15
502
369
360
9
38
268
428
320
542
172
456
109
70
199
144
417
520
147
439
260
528
223
517
3
166
293
261
432
133
288
146
401
371
255
142
243
111
221
94
397
277
378
228
280
97
499
450
383
101
253
8
282
127
76
20
64
177
156
4
130
13
301
24
368
183
42
516
284
61
500
31
431
121
232
536
152
108
531
98
399
495
203
107
493
244
380
208
49
400
17
289
492
90
234
540
530
334
103
74
170
275
179
377
307
337
65
477
48
490
311
472
50
453
51
480
451
80
294
54
77
237
442
509
464
364
347
358
18
230
497
452
408
359
318
324
148
141
403
248
300
99
216
406
389
414
117
67
471
173
160
460
527
178
241
283
343
518
140
180
138
59
