546 1673
4 6
16 18
13 21
16 25
6 31
11 35
17 44
39 45
4 47
27 48
16 52
21 52
6 53
34 53
3 55
21 55
48 56
5 57
52 57
48 63
61 63
60 66
57 67
53 68
42 69
57 69
60 69
25 70
30 71
2 72
20 77
13 78
36 78
76 78
3 79
18 79
57 80
33 85
45 86
79 86
5 87
46 87
51 87
68 88
51 89
33 91
39 93
35 95
53 96
80 96
27 98
26 99
93 99
5 101
59 101
99 101
21 103
45 104
26 105
59 105
11 106
61 106
17 108
13 109
62 110
86 111
99 111
57 112
75 113
33 116
34 116
63 116
77 116
112 116
51 117
82 117
83 117
9 118
95 118
11 120
33 120
26 121
39 122
56 123
71 124
77 124
106 125
73 126
55 127
127 128
18 129
40 129
118 129
30 130
1 131
55 132
105 132
55 133
110 134
6 135
45 135
81 137
128 138
127 139
3 140
19 141
126 141
54 142
82 142
126 142
16 143
39 144
64 144
76 144
27 146
29 147
112 149
43 150
131 150
142 150
144 150
36 151
67 151
80 151
1 152
129 152
4 153
149 153
20 154
151 155
84 156
49 157
66 157
132 157
82 158
111 159
115 159
56 160
61 161
99 161
47 162
66 162
156 162
33 163
12 164
76 165
81 165
58 167
96 168
25 170
115 170
26 171
36 171
113 171
93 173
5 174
92 174
23 175
168 175
62 176
75 176
89 176
115 176
12 178
10 181
13 181
23 181
168 181
61 182
101 182
154 182
95 183
32 184
131 184
25 185
102 185
104 185
1 186
53 187
89 187
94 187
119 187
18 188
73 188
113 189
145 189
165 189
12 190
17 190
75 190
76 190
78 190
5 191
55 191
128 191
56 192
91 192
132 192
20 193
75 193
88 193
105 194
165 194
191 194
39 195
194 195
29 196
145 196
98 197
150 197
184 197
47 198
194 198
58 200
112 200
136 200
180 200
41 201
77 201
94 201
182 201
150 203
101 204
153 204
182 204
194 204
115 205
201 205
98 206
196 207
39 208
102 208
142 208
166 208
83 209
168 209
43 210
118 210
122 210
192 210
50 211
171 211
125 213
140 213
166 213
22 214
45 214
71 214
83 214
199 214
205 214
186 215
164 216
155 217
215 217
40 218
46 219
139 219
37 220
41 220
51 220
56 220
122 220
139 220
151 220
156 220
39 221
163 221
22 222
154 224
193 224
196 224
60 225
13 226
161 226
196 226
167 227
36 228
71 228
77 228
99 228
196 228
11 229
45 229
151 230
5 231
192 232
225 232
58 233
202 233
100 234
17 235
31 236
95 236
148 236
154 236
21 237
207 237
69 238
161 238
50 239
53 239
120 239
212 239
79 240
6 241
149 241
221 241
33 242
9 243
39 243
96 243
153 243
18 245
51 245
54 245
86 245
2 246
78 246
123 246
150 246
200 246
245 246
48 247
184 247
209 247
33 248
32 249
139 249
225 249
227 249
165 250
231 250
65 251
178 251
191 251
233 251
240 251
51 252
122 252
150 252
237 252
86 254
241 254
5 255
102 256
176 256
178 256
190 256
229 256
35 257
56 257
105 257
204 257
245 257
34 258
37 258
127 258
186 258
7 259
57 259
91 259
126 259
243 259
161 260
92 261
157 261
86 262
207 262
215 262
113 263
149 263
217 263
240 263
15 264
42 265
120 265
215 265
35 266
79 266
257 266
33 267
119 267
264 267
45 268
131 268
150 268
227 268
31 269
97 269
128 269
10 270
164 270
199 270
221 270
118 271
130 271
188 271
215 271
83 272
138 272
197 272
248 272
264 272
136 273
141 273
229 273
100 274
105 274
153 274
237 274
23 275
88 275
96 275
126 275
239 275
137 276
21 277
78 277
167 277
205 277
213 277
70 278
81 278
46 279
107 279
219 279
259 279
36 280
206 280
220 281
248 281
41 282
97 282
102 282
76 283
149 283
171 283
11 284
58 284
167 284
11 285
77 285
105 285
275 285
59 286
158 286
241 286
262 286
31 287
134 287
94 288
174 288
79 289
115 289
52 290
145 290
162 290
180 290
68 291
280 291
286 291
55 292
57 292
91 292
262 292
5 293
167 293
37 294
44 294
69 294
108 294
265 294
277 294
89 295
91 295
138 296
201 296
209 296
219 296
236 296
279 296
204 297
36 298
47 299
120 299
126 299
218 299
292 299
220 300
91 301
248 301
28 302
32 302
146 302
283 302
1 303
83 303
119 303
201 303
217 304
278 304
13 306
235 306
269 306
138 307
276 307
231 308
246 308
212 309
235 309
241 309
92 310
184 310
251 310
281 310
284 310
43 311
96 311
100 311
82 312
107 312
283 312
23 313
239 313
17 314
163 314
185 314
233 314
238 314
261 314
1 315
132 315
192 315
246 315
262 315
32 316
80 316
136 316
157 316
210 316
258 316
301 316
83 317
314 317
94 318
309 318
151 319
193 319
237 319
248 319
270 319
286 319
294 319
304 320
104 321
234 321
257 321
241 322
265 322
179 323
220 323
320 323
170 324
298 325
310 325
291 326
309 326
324 326
55 327
66 327
239 327
275 327
307 327
321 327
95 328
271 328
312 328
1 329
123 329
161 329
242 329
274 329
291 329
22 330
71 330
110 330
223 330
263 330
302 330
307 330
52 331
59 331
312 332
25 333
120 333
218 333
235 333
303 333
315 333
11 334
35 334
69 334
83 334
91 334
161 334
14 335
64 335
321 335
323 335
85 336
130 336
163 336
199 336
326 336
35 337
190 338
215 338
227 338
309 338
67 339
94 339
119 339
124 339
127 339
258 339
10 340
43 340
166 340
219 340
223 340
2 341
113 341
169 341
202 341
249 341
267 341
271 341
282 341
327 341
61 342
123 342
198 342
202 342
266 342
63 343
139 343
202 343
302 343
8 344
81 344
255 344
331 344
22 345
96 345
107 345
196 345
222 345
277 345
333 345
128 346
156 346
198 346
206 346
207 346
45 347
66 347
66 348
220 348
222 348
235 348
282 348
23 349
149 349
220 349
251 349
23 351
120 351
134 351
177 351
232 351
260 351
279 351
5 352
133 352
220 352
265 352
92 353
93 353
175 353
217 353
8 354
82 354
114 354
167 354
261 354
318 354
25 355
43 355
162 355
231 355
256 355
257 355
289 355
339 355
7 356
90 356
160 356
176 356
41 357
155 357
164 357
241 357
297 357
308 357
40 358
309 358
19 359
63 359
352 360
110 361
135 361
260 361
347 361
44 362
152 362
331 362
335 362
12 363
21 363
65 363
75 363
305 363
47 364
313 364
72 365
106 365
312 365
317 365
71 366
188 366
230 366
264 366
7 367
37 367
138 367
285 367
295 367
309 367
50 368
314 368
106 369
152 370
182 370
245 370
274 370
365 370
15 371
68 371
163 371
230 371
313 371
7 372
27 372
74 372
323 372
363 372
66 373
93 373
2 374
32 374
33 374
65 374
141 374
164 374
214 374
223 374
254 374
335 374
350 374
76 375
129 375
347 375
357 375
37 376
242 376
321 376
86 377
186 377
212 377
273 377
61 379
190 379
201 379
212 379
149 380
37 381
257 381
291 381
29 382
84 382
213 382
34 383
193 383
264 383
12 384
63 384
107 384
126 384
214 384
15 385
145 385
263 385
334 385
98 386
101 386
228 386
257 386
271 386
367 386
44 387
62 387
146 387
214 387
225 387
231 387
369 387
373 387
139 388
152 388
220 388
259 388
333 388
338 388
360 388
9 389
88 389
326 389
38 390
69 390
346 390
4 391
24 391
181 391
268 391
381 391
178 392
324 392
326 392
366 392
57 393
161 393
247 393
320 393
380 393
7 394
44 394
193 394
329 394
344 394
1 395
27 395
96 395
172 395
295 395
116 396
126 396
205 396
265 396
278 396
109 397
181 397
17 398
70 398
109 398
213 398
316 398
386 398
199 399
335 399
345 399
144 400
151 400
53 401
309 401
359 401
154 402
327 402
147 403
154 403
174 403
221 403
349 403
98 404
100 404
208 404
278 404
22 405
113 405
204 405
207 405
218 405
260 405
384 405
242 406
395 406
75 407
160 407
223 407
83 408
99 408
102 408
228 408
241 408
242 408
3 409
19 409
85 409
165 409
258 409
299 409
5 410
30 410
166 410
230 410
245 410
356 410
262 411
293 411
84 412
92 412
183 412
261 412
121 413
167 413
249 413
305 413
389 413
88 414
133 414
211 414
362 414
11 415
26 415
34 415
174 415
233 415
244 415
247 415
271 415
288 415
381 415
7 416
49 416
61 416
77 416
146 416
216 416
285 416
316 416
405 416
16 417
295 417
304 417
333 417
401 417
402 417
180 418
349 418
371 418
410 418
67 419
69 419
110 419
129 419
229 419
255 419
258 419
292 419
310 419
330 419
344 419
142 420
239 420
263 420
375 420
243 421
375 421
6 422
40 422
111 422
166 422
359 422
73 423
206 423
221 423
326 423
94 424
202 424
163 425
167 425
211 425
213 425
247 425
333 425
397 425
158 426
205 426
210 426
257 426
277 426
283 426
335 426
391 426
413 426
108 427
243 427
304 427
307 427
378 427
3 428
228 428
392 428
21 429
54 429
95 429
185 429
280 429
2 430
97 430
27 431
180 431
387 431
69 432
142 432
209 432
365 432
413 432
7 433
30 433
69 433
326 433
383 433
101 434
200 434
241 434
243 434
308 434
253 435
302 435
356 435
8 436
329 436
282 437
290 437
340 437
360 437
371 437
66 438
127 438
274 438
355 438
76 439
404 439
20 440
32 440
316 440
63 441
64 441
90 441
107 441
123 441
165 441
343 441
407 441
413 441
415 441
82 442
177 442
199 442
217 442
312 442
411 442
12 443
33 443
147 443
156 443
272 443
285 443
302 443
317 443
394 443
4 444
97 444
218 444
262 444
266 444
392 444
422 444
6 445
130 445
146 445
264 445
417 445
422 445
436 445
13 446
310 446
162 447
301 447
379 447
24 448
178 448
421 448
16 449
88 449
333 449
342 449
368 449
68 450
183 450
205 450
417 450
432 450
42 451
187 451
222 451
4 452
175 452
249 452
365 452
425 452
436 452
249 453
284 453
362 453
61 454
318 454
183 455
228 455
295 455
299 455
375 455
26 456
29 456
31 456
383 456
396 456
104 457
431 457
6 458
58 458
121 458
374 458
232 459
323 459
427 459
46 460
191 460
261 460
308 460
391 460
16 461
152 461
187 461
352 461
44 462
108 462
159 462
366 462
449 462
1 463
11 463
100 463
109 463
187 463
457 463
91 464
98 464
398 464
209 465
230 465
264 465
339 465
399 465
433 465
461 465
8 466
53 466
212 466
379 466
9 467
97 467
203 467
344 467
107 468
356 468
431 468
138 469
308 469
367 469
442 469
455 469
467 469
17 470
215 470
244 470
283 470
396 470
444 470
465 470
33 471
228 471
380 471
447 471
187 472
208 472
333 472
32 473
49 473
194 473
337 473
455 473
340 474
343 474
400 474
13 475
17 475
86 475
113 475
128 475
326 475
426 475
55 476
158 476
289 476
167 477
205 477
212 477
339 477
65 478
90 478
167 478
264 478
269 478
340 478
341 478
348 478
350 478
448 478
41 479
117 479
126 479
183 479
234 479
322 479
334 479
373 479
197 480
221 480
227 480
253 480
329 480
161 481
196 481
255 481
284 481
431 481
462 481
7 482
11 482
105 482
157 482
241 482
330 482
334 482
385 482
479 482
103 483
209 483
214 483
304 483
352 483
360 483
413 483
43 484
74 484
82 484
83 484
87 484
190 484
313 484
378 484
466 484
170 485
245 485
418 485
116 486
200 486
275 486
345 486
466 486
7 487
24 487
47 487
168 487
179 487
318 487
330 487
366 487
88 488
100 488
180 488
271 488
352 488
377 488
449 488
110 489
115 489
307 489
90 490
219 490
248 490
330 490
337 490
431 490
454 490
34 491
65 491
76 491
119 491
290 491
404 491
486 491
212 492
236 492
257 492
282 492
399 492
412 492
477 492
48 493
96 493
284 493
310 493
313 493
323 493
469 493
478 493
488 493
37 494
84 494
113 494
130 494
151 494
170 494
209 494
215 494
301 494
490 494
7 495
311 495
447 495
466 495
107 496
147 496
177 496
436 496
472 496
486 496
50 497
470 497
6 498
42 498
56 498
98 498
110 498
127 498
227 498
243 498
339 498
447 498
453 498
36 499
51 499
85 499
142 499
151 499
405 499
431 499
145 500
367 500
455 500
480 500
295 501
323 501
367 501
451 501
80 502
84 502
188 502
264 502
386 502
200 503
294 503
43 504
54 504
55 504
56 504
183 504
191 504
315 504
363 504
415 504
49 505
77 505
96 505
229 505
296 505
405 505
3 506
51 506
202 506
237 506
15 507
81 507
103 507
109 507
200 507
442 507
462 507
97 508
203 508
265 509
390 509
420 509
464 509
508 509
52 510
88 510
157 510
241 510
312 510
364 510
370 510
437 510
492 510
10 511
66 511
108 511
117 511
168 511
247 511
301 511
317 511
325 511
347 511
153 512
256 512
312 512
358 512
414 512
419 512
427 512
18 513
57 513
139 513
158 513
189 513
318 513
420 513
428 513
476 513
71 514
75 514
85 514
201 514
210 514
230 514
373 514
22 515
25 515
164 515
307 515
343 515
354 515
379 515
418 515
497 515
54 516
85 516
339 516
357 516
452 516
30 517
47 517
65 517
104 517
170 517
397 517
408 517
457 517
462 517
152 518
359 518
50 519
175 519
206 519
318 519
480 519
17 520
21 520
67 520
123 520
324 520
362 520
402 520
508 520
60 521
131 521
148 521
169 521
225 521
291 521
324 521
402 521
424 521
502 521
8 522
141 522
161 522
202 522
362 522
418 522
488 522
199 523
278 523
314 523
398 523
403 523
434 523
248 524
142 525
241 525
297 525
300 525
337 525
428 525
457 525
490 525
518 525
522 525
99 526
228 526
115 527
170 527
216 527
326 527
336 527
483 527
6 528
50 528
160 528
351 528
406 528
502 528
2 529
13 529
85 529
88 529
119 529
214 529
251 529
308 529
365 529
389 529
316 530
414 530
481 530
10 531
48 531
117 531
285 531
463 531
33 532
67 532
126 532
305 532
310 532
370 532
374 532
451 532
40 533
54 533
85 533
252 533
302 533
335 533
423 533
463 533
471 533
161 534
173 534
261 534
281 534
339 534
401 534
451 534
69 535
160 535
276 535
378 535
395 535
447 535
533 535
145 536
357 536
460 536
22 537
123 537
179 537
192 537
222 537
263 537
418 537
527 537
117 538
159 538
178 538
196 538
240 538
291 538
296 538
322 538
16 539
50 539
152 539
241 539
164 540
283 540
469 540
480 540
537 540
81 541
236 541
343 541
22 542
220 542
394 542
441 542
505 542
518 542
115 543
140 543
248 543
289 543
422 543
180 544
294 544
351 544
368 544
541 544
138 545
167 545
221 545
242 545
265 545
34 546
59 546
142 546
204 546
270 546
380 546
