729 2408
2 10
2 14
23 27
8 30
5 31
26 31
2 36
29 38
9 45
4 51
2 52
12 56
42 58
10 65
25 65
23 67
38 67
3 69
35 71
9 75
28 75
31 75
40 75
74 75
32 78
53 78
6 80
11 80
15 80
24 80
78 82
29 83
15 85
28 87
75 87
79 87
25 88
82 88
45 89
53 89
31 91
9 93
18 96
85 96
44 99
21 100
66 100
91 101
31 102
65 102
89 102
98 102
46 104
61 105
34 106
74 107
103 107
21 108
104 109
71 112
90 113
105 115
65 116
88 116
20 118
63 118
65 119
93 119
41 121
100 121
19 122
41 123
53 125
110 125
41 126
106 127
48 128
44 129
115 130
30 131
122 131
63 132
80 136
44 137
116 137
118 139
75 140
89 140
94 140
96 141
129 141
9 144
12 144
103 144
81 145
114 145
107 146
129 146
76 148
123 148
65 149
99 149
86 150
108 150
85 151
144 152
58 153
71 153
128 153
138 153
145 153
127 154
39 155
109 155
21 156
32 156
138 157
146 157
59 158
110 158
126 158
140 158
147 158
100 159
121 161
3 163
54 164
45 165
66 165
106 165
136 165
49 166
18 167
70 168
83 168
161 168
59 169
67 169
24 170
124 170
141 170
100 171
57 172
115 172
149 172
31 173
80 173
164 173
64 174
16 175
64 176
136 176
38 177
68 177
161 177
169 177
35 179
11 181
156 181
173 182
68 183
72 184
42 185
33 186
45 186
67 186
70 186
47 187
46 188
66 188
25 189
87 189
132 189
134 189
120 191
96 192
156 192
45 193
113 193
120 193
151 193
13 194
92 194
70 196
132 196
167 196
187 196
57 197
71 197
105 197
183 197
70 198
99 198
169 198
44 199
57 199
172 199
52 200
109 200
129 200
144 200
14 201
145 201
29 203
7 204
176 204
25 205
60 205
171 205
14 206
34 206
62 206
138 206
139 206
64 208
162 208
181 208
30 210
113 211
169 211
132 212
51 213
103 213
146 213
35 214
77 214
77 216
96 217
152 217
46 218
58 218
175 218
10 219
54 219
92 219
126 220
69 222
78 222
83 222
195 222
210 222
69 223
112 223
169 223
26 224
79 224
88 224
116 224
187 225
125 226
224 227
51 228
127 228
7 229
51 229
144 229
158 229
166 229
213 229
16 230
29 230
31 230
47 230
173 230
75 232
155 232
201 232
142 233
146 233
116 235
102 236
107 236
81 237
94 237
188 237
190 237
86 238
113 238
42 239
126 241
1 242
107 243
209 243
39 244
75 245
146 245
4 246
113 246
182 246
80 247
111 247
223 247
69 248
102 248
166 248
89 249
118 249
159 249
190 250
218 250
237 250
115 251
212 251
218 251
250 251
29 252
98 252
227 252
243 253
136 254
190 254
88 255
118 255
143 255
103 256
239 256
26 257
7 258
73 258
85 258
94 258
210 258
256 258
71 259
74 259
97 259
127 259
248 259
9 260
11 260
45 260
153 260
169 260
181 260
5 261
25 262
143 262
172 262
214 262
74 263
91 263
110 263
207 263
209 263
223 263
247 263
119 264
233 264
34 265
46 265
65 265
67 265
73 265
144 265
57 266
261 266
4 267
46 267
152 267
158 267
198 268
228 268
251 268
9 269
147 269
235 269
110 270
115 270
268 270
142 271
233 271
243 271
146 272
156 272
156 273
167 273
83 274
106 274
202 274
144 275
58 276
273 276
7 277
87 278
136 278
23 279
62 279
197 279
219 279
26 280
40 280
65 280
75 280
136 280
125 281
130 281
111 282
117 282
237 282
280 282
16 283
24 284
102 284
125 284
132 284
227 284
186 285
162 286
165 286
199 286
239 286
6 287
71 287
98 287
30 288
56 288
168 289
230 289
235 289
62 290
37 291
286 291
40 292
91 292
262 292
121 293
218 293
23 294
34 294
58 294
184 294
195 294
14 295
28 296
106 296
216 296
196 297
39 298
285 298
178 299
23 300
91 300
226 300
231 300
296 301
193 302
289 302
6 303
111 303
247 303
32 304
67 304
82 304
97 304
105 304
233 304
250 304
30 305
201 305
42 307
12 308
162 308
110 309
145 309
264 310
297 310
116 311
301 311
306 311
308 312
159 313
266 313
10 315
132 315
46 317
175 317
182 317
195 317
272 317
197 318
234 319
283 319
318 319
69 320
207 320
222 320
224 320
227 320
134 321
9 322
13 322
166 323
285 323
102 324
178 324
249 324
290 324
95 325
130 325
191 325
304 325
282 326
256 327
131 328
316 328
181 329
232 329
242 329
308 329
326 329
29 330
88 330
158 330
169 330
233 330
309 330
86 331
163 331
194 331
250 331
28 332
153 332
206 332
235 332
326 332
327 332
82 333
183 333
78 334
35 335
85 335
259 335
319 335
176 336
235 336
244 336
267 336
104 337
124 337
152 337
247 337
249 337
41 338
75 338
106 338
243 338
268 338
281 338
140 339
336 339
228 341
15 342
114 342
77 343
88 343
224 343
234 343
300 343
329 343
76 344
230 344
154 345
163 345
195 345
282 345
50 346
54 347
92 347
323 347
330 347
161 348
170 348
175 348
306 348
324 348
15 349
143 349
3 350
42 350
185 350
271 350
39 351
48 351
81 351
96 351
282 351
25 352
163 352
221 352
291 352
18 353
107 353
230 354
325 354
118 355
39 356
150 356
218 356
10 357
30 357
255 357
153 358
224 358
272 358
297 358
18 359
222 359
280 359
344 359
194 360
239 360
299 360
49 361
245 361
316 361
331 361
9 362
220 362
294 362
78 363
119 363
223 363
331 363
63 364
37 365
38 365
79 365
118 365
85 366
164 366
188 366
293 366
307 366
246 367
1 368
77 368
205 368
217 368
279 368
309 368
31 369
349 369
37 370
116 370
174 370
285 370
308 371
313 371
245 372
18 373
70 373
204 373
312 373
371 373
92 374
22 375
255 375
34 376
97 376
239 376
278 376
323 376
162 377
6 378
87 378
156 378
204 378
247 378
165 379
92 380
126 380
154 380
193 380
194 380
277 380
332 380
25 381
74 381
171 381
221 381
311 381
318 381
39 382
86 382
89 383
130 383
152 383
153 383
308 383
60 384
83 384
110 384
172 384
227 384
228 384
16 385
129 385
209 385
271 385
53 386
263 386
273 386
3 387
41 387
57 387
157 387
205 387
286 387
293 387
153 388
260 388
332 388
188 389
317 389
22 390
45 390
83 390
293 390
109 391
253 391
278 391
348 391
356 391
387 391
18 392
93 393
176 393
295 393
340 393
99 394
142 394
177 394
289 394
21 395
333 395
342 395
105 396
264 396
298 396
51 397
67 397
129 397
148 397
150 397
327 397
328 397
378 397
162 398
177 398
347 398
186 399
231 399
237 399
253 399
299 399
100 400
352 400
102 401
127 401
202 401
304 401
229 402
112 403
131 403
327 403
399 403
132 404
331 404
360 404
61 405
74 406
80 406
123 406
332 406
386 406
286 407
383 407
5 408
116 408
239 408
8 409
245 409
13 410
104 410
46 411
73 411
126 411
145 411
309 411
409 411
80 412
222 412
247 412
21 413
139 413
194 413
378 413
390 413
81 414
89 414
182 414
191 414
223 414
309 414
337 414
31 415
111 415
211 415
357 415
54 416
143 416
207 416
144 417
218 417
273 417
365 417
168 418
383 418
399 418
266 419
321 419
367 419
85 420
238 420
41 421
215 421
265 421
267 421
292 421
299 421
404 421
416 421
83 422
76 423
179 423
215 423
268 423
329 423
236 424
39 425
240 425
290 425
386 425
2 426
39 426
107 426
127 426
334 426
363 426
395 426
257 427
51 428
89 428
104 428
118 428
119 428
168 428
182 428
284 428
290 428
340 428
123 429
348 429
73 430
84 430
125 430
148 430
183 430
25 431
120 431
129 431
329 431
336 431
352 431
397 431
408 431
101 432
135 432
373 432
239 433
296 433
315 433
342 433
109 434
34 435
234 435
301 435
418 435
36 436
241 436
298 436
301 436
397 436
126 437
183 437
297 437
384 437
436 437
55 438
39 439
109 439
119 439
211 439
330 439
336 439
343 439
37 440
291 440
429 440
384 441
42 442
176 442
293 442
318 442
365 442
416 442
417 442
195 443
373 443
29 444
315 444
158 445
282 445
332 445
372 445
374 445
168 446
383 446
20 447
232 447
49 448
181 448
354 448
65 449
419 449
89 450
150 450
163 450
188 450
233 450
271 450
294 450
348 450
383 450
119 451
418 451
94 452
131 452
335 452
360 452
75 453
114 453
359 453
82 454
293 454
372 454
80 455
412 455
395 456
18 457
174 457
239 457
296 457
238 458
243 458
4 459
305 459
376 459
436 459
15 460
39 460
63 460
123 460
238 460
307 460
448 460
8 461
199 461
205 461
291 461
4 462
77 462
261 462
406 462
12 463
235 463
279 463
374 463
133 464
145 464
163 464
245 464
255 464
379 464
398 464
452 464
104 465
139 465
333 465
79 466
112 466
150 466
216 466
225 466
336 466
40 467
133 467
163 467
286 467
366 467
422 467
29 468
48 468
135 468
199 468
298 468
410 468
423 468
34 469
245 469
350 469
379 469
400 469
425 469
245 470
282 470
327 470
22 471
281 471
400 471
32 472
100 472
118 472
271 472
22 473
27 473
33 473
56 473
316 473
337 473
112 474
212 474
301 474
383 475
395 475
65 476
27 477
30 477
33 477
17 478
216 478
431 478
110 479
181 479
220 479
226 479
262 479
314 479
318 479
409 479
412 479
117 480
119 480
388 480
3 481
176 481
294 481
422 481
152 482
306 482
359 482
223 483
329 484
330 484
28 485
108 485
179 485
325 485
333 485
399 485
16 486
45 486
55 486
223 486
365 486
384 486
420 486
424 486
260 487
270 487
282 487
342 487
15 488
73 488
76 488
401 488
481 488
5 489
27 489
3 490
87 490
421 490
51 491
351 491
429 491
477 491
30 492
219 492
257 492
317 492
412 492
445 492
490 492
119 493
154 493
183 493
301 493
138 494
143 494
161 494
177 494
242 494
462 494
3 495
112 495
156 495
208 495
231 495
292 495
386 495
132 496
146 496
151 496
176 496
483 496
113 497
116 497
321 497
395 497
412 497
52 498
115 498
149 498
199 498
253 498
279 498
349 498
466 498
180 499
193 499
204 499
313 499
441 499
468 499
84 500
192 500
277 500
76 501
95 501
213 501
261 501
304 501
334 501
428 501
8 502
10 502
118 502
171 502
317 502
429 503
166 504
336 504
348 504
354 504
492 504
117 505
395 505
451 505
98 506
136 506
157 506
346 506
449 506
460 506
26 507
70 507
233 507
360 507
387 507
355 508
409 508
422 508
15 509
429 509
51 510
170 510
243 510
133 511
175 511
379 511
431 511
1 512
25 512
37 512
78 512
84 512
363 512
364 512
448 512
450 512
472 512
42 513
413 513
422 513
96 514
298 514
445 514
2 515
21 515
51 515
145 515
183 515
206 515
240 515
264 515
383 515
432 515
514 515
50 516
136 516
172 516
279 516
307 516
510 516
102 517
167 517
295 517
371 517
418 517
36 518
61 518
276 518
293 518
368 518
473 518
146 519
260 519
321 519
69 520
95 520
430 520
452 520
490 520
362 521
452 521
142 522
156 522
212 522
398 522
402 522
471 522
487 522
110 523
186 523
513 523
7 524
64 524
227 524
278 524
384 524
426 524
500 524
98 525
216 525
341 525
348 525
355 525
500 525
116 526
200 526
377 526
153 527
16 528
47 528
158 528
395 528
470 528
474 528
7 529
25 529
168 529
371 529
385 529
515 529
286 530
299 530
435 530
463 530
292 531
328 531
355 531
499 531
120 532
198 532
213 532
275 532
285 532
347 532
356 532
529 532
470 533
39 534
109 534
188 534
358 534
250 535
380 535
520 535
210 536
502 536
525 536
39 537
489 537
119 538
191 538
271 538
394 538
516 538
47 539
169 539
404 539
501 539
524 539
24 540
64 540
81 540
218 540
404 540
535 540
37 541
176 541
501 541
508 541
12 542
328 542
418 542
116 543
200 543
229 543
388 543
416 543
502 543
148 544
238 544
311 544
315 544
462 544
55 545
66 545
132 545
253 545
72 546
108 546
132 546
192 546
118 547
414 547
435 547
464 547
489 547
537 547
19 548
72 548
193 548
289 548
300 548
373 549
445 549
475 549
17 550
248 550
282 550
432 550
451 550
35 551
146 551
106 552
330 552
434 552
61 553
208 553
368 553
370 553
459 553
469 553
510 553
269 554
277 554
295 554
298 554
40 555
124 555
37 556
106 556
115 556
120 556
175 556
251 556
23 557
118 557
319 557
321 557
353 557
393 557
274 558
482 558
234 559
276 559
374 559
471 559
345 560
512 560
156 561
278 561
386 561
456 561
481 561
233 562
280 562
344 562
383 562
452 562
1 563
168 563
193 563
350 563
369 563
406 563
57 564
393 564
456 564
122 565
226 565
528 565
32 566
59 566
227 566
317 566
377 566
419 566
57 567
260 567
304 567
29 568
81 568
88 568
112 568
233 568
466 568
526 568
15 569
22 569
291 569
372 569
519 569
540 569
45 570
58 570
153 570
301 570
409 570
462 570
144 571
344 571
495 571
540 571
569 571
15 572
105 572
113 572
194 572
305 572
432 572
285 573
53 575
173 575
215 575
488 575
124 576
282 576
348 576
435 576
482 576
553 576
74 577
216 577
314 577
205 578
242 578
293 578
6 579
57 579
99 579
133 579
306 579
326 579
550 579
557 579
163 580
224 580
357 580
440 580
567 580
17 581
203 581
273 581
308 581
533 581
95 582
150 582
291 582
334 582
201 583
166 584
261 584
315 584
353 584
419 584
439 584
254 585
268 585
406 585
550 585
145 586
246 586
255 586
266 586
275 586
311 586
345 586
9 587
10 587
67 587
93 587
169 587
427 587
120 588
429 588
444 588
472 588
511 588
520 588
145 589
147 589
333 589
341 589
567 589
41 590
125 590
135 590
249 590
267 590
303 590
511 590
122 591
165 591
283 591
567 591
570 591
111 593
80 594
132 594
355 594
535 594
83 595
98 595
179 595
182 595
217 595
355 595
135 596
241 596
470 596
61 597
83 597
89 597
91 597
304 597
443 597
477 597
490 597
505 597
11 598
303 598
564 598
108 599
307 599
446 599
473 599
503 599
513 599
535 599
594 599
285 600
400 600
577 600
16 601
40 601
269 601
278 601
408 601
426 601
171 602
195 602
445 602
592 602
107 603
186 603
207 603
398 603
79 604
225 604
297 604
337 604
368 604
7 605
90 605
112 605
203 605
244 605
272 605
336 605
382 605
401 605
531 605
103 606
147 606
382 606
387 606
519 606
390 607
465 607
480 607
363 608
446 608
47 609
52 609
130 609
303 609
305 609
311 609
580 609
45 610
153 610
191 610
215 610
347 610
544 610
595 610
91 611
545 611
93 612
233 612
242 612
14 613
22 613
51 613
100 613
118 613
393 613
540 613
553 613
605 613
19 614
121 614
122 614
155 614
254 614
300 614
314 614
164 615
218 615
262 615
243 616
377 616
418 616
533 616
11 617
36 617
79 617
105 617
152 617
242 617
263 617
278 617
285 617
614 617
139 618
244 618
415 618
432 618
537 618
581 618
614 618
401 619
585 619
55 620
71 620
85 620
291 620
297 620
420 620
496 620
143 621
430 621
509 621
121 622
165 622
206 622
243 622
451 622
581 622
617 622
60 623
276 623
315 623
439 623
544 623
201 624
206 624
294 624
299 624
153 625
210 625
170 626
171 626
499 626
110 627
126 627
213 627
264 627
310 627
488 627
596 627
132 628
173 628
239 628
459 628
4 629
9 629
173 629
180 629
256 629
444 629
524 629
557 629
68 630
81 630
170 630
376 630
78 631
89 631
91 631
158 631
245 631
283 631
371 631
556 631
582 631
283 632
557 632
1 633
91 633
153 633
243 633
393 633
496 633
600 633
3 634
186 634
215 634
337 634
353 634
435 634
118 635
254 635
304 635
382 635
448 635
456 635
471 635
634 635
267 636
316 636
327 636
511 636
57 637
304 637
411 637
432 637
78 638
393 638
571 638
42 639
64 639
94 639
244 639
255 639
308 639
13 640
37 640
86 640
609 640
620 640
25 641
113 641
187 641
224 641
372 641
579 641
34 642
301 642
302 642
348 642
602 642
3 643
119 643
139 643
237 643
288 643
330 643
338 643
365 643
453 643
113 644
413 644
437 644
51 645
623 645
1 646
163 646
222 646
245 646
310 646
375 646
391 646
397 647
574 647
596 647
109 648
143 648
235 648
242 648
297 648
335 648
383 648
495 648
424 649
217 650
218 650
261 650
325 650
428 650
470 650
162 651
243 651
248 651
30 652
68 652
162 652
310 652
407 652
452 652
457 652
568 652
592 652
99 653
150 653
176 653
196 653
288 653
360 653
449 653
510 653
563 653
622 653
168 654
329 654
516 654
600 654
601 654
79 655
192 655
288 655
309 655
321 655
389 655
393 655
649 655
63 656
100 656
121 656
209 656
231 656
279 656
306 656
410 656
416 656
447 656
588 656
601 656
239 657
427 657
169 658
216 658
249 658
280 658
386 658
397 658
456 658
521 658
610 658
96 659
145 659
289 659
295 659
455 659
626 659
19 660
33 660
48 660
137 660
253 660
303 660
420 660
445 660
456 660
559 660
599 660
645 660
6 661
28 661
123 661
205 661
248 661
482 661
588 661
610 661
623 661
628 661
257 662
331 662
565 662
628 662
630 662
260 663
261 663
306 663
383 663
477 663
590 663
622 663
643 663
14 664
67 664
250 664
322 664
359 664
385 664
477 664
482 664
632 664
58 665
176 665
260 665
366 665
554 665
12 666
122 666
210 666
237 666
262 666
354 666
426 666
477 666
492 666
631 666
647 666
654 666
168 667
178 667
477 667
634 667
40 668
129 668
511 668
575 668
664 668
15 669
71 669
135 669
155 669
445 669
478 669
520 669
542 669
614 669
118 670
204 670
218 670
465 670
493 670
511 670
175 671
308 671
351 671
371 671
398 671
407 671
487 671
15 672
209 672
449 672
490 672
612 672
41 673
177 673
279 673
386 673
425 673
493 673
627 673
106 674
518 674
140 675
179 675
403 675
548 675
604 675
607 675
2 676
98 676
196 676
243 676
347 676
380 676
512 676
584 676
603 676
11 677
105 677
125 677
200 677
228 677
239 677
298 677
556 677
384 678
459 678
588 678
641 678
662 678
670 678
12 679
15 679
27 679
247 679
317 679
409 679
451 679
524 679
539 679
116 680
168 680
175 680
396 680
552 680
94 681
163 681
184 681
186 681
442 681
481 681
610 681
10 682
144 682
176 682
209 682
446 682
507 682
681 682
6 683
192 683
194 683
223 683
280 683
455 683
462 683
468 683
511 683
619 683
34 684
47 684
191 684
437 684
68 685
310 685
422 685
471 685
481 685
522 685
544 685
550 685
569 685
574 685
598 685
175 686
280 686
406 686
549 686
578 686
580 686
592 686
313 687
339 687
379 687
406 687
536 687
565 687
92 688
140 688
153 688
160 688
163 688
166 688
309 688
345 688
454 688
533 688
573 688
603 688
628 688
681 688
6 689
130 689
410 689
504 689
215 690
218 690
545 690
23 691
141 691
311 691
585 691
656 691
96 692
288 692
338 692
508 692
544 692
77 693
129 693
338 693
419 693
498 693
541 693
164 694
189 694
336 694
360 694
519 694
153 695
252 695
258 695
282 695
298 695
686 695
12 696
71 696
82 696
198 696
320 696
385 696
435 696
503 696
578 696
29 697
136 697
205 697
189 698
264 698
291 698
448 698
570 698
587 698
589 698
614 698
8 699
242 699
281 699
526 699
642 699
51 700
77 700
405 700
442 700
514 700
660 700
139 701
496 701
533 701
539 701
582 701
668 701
684 701
685 701
689 701
21 702
292 702
313 702
407 702
591 702
621 702
656 702
104 703
123 703
215 703
479 703
500 703
33 704
90 704
325 704
391 704
412 704
105 705
174 705
199 705
216 705
446 705
510 705
572 705
23 706
157 706
257 706
263 706
267 706
336 706
487 706
513 706
535 706
608 706
638 706
695 706
61 707
162 707
236 707
334 707
413 707
527 707
673 707
323 708
416 708
417 708
74 709
152 709
177 709
284 709
470 709
23 710
95 710
122 710
184 710
277 710
346 710
367 710
682 710
29 711
59 711
210 711
345 711
525 711
576 711
49 712
71 712
111 712
113 712
209 712
262 712
331 712
423 712
461 712
470 712
544 712
592 712
202 713
209 713
306 713
351 713
379 713
530 713
533 713
549 713
576 713
579 713
602 713
30 714
170 714
398 714
81 715
191 715
294 715
299 715
314 715
473 715
542 715
14 716
47 716
308 716
339 716
458 716
512 716
555 716
702 716
103 717
362 717
375 717
531 717
580 717
583 717
678 717
78 718
266 718
290 718
421 718
441 718
457 718
489 718
514 718
276 719
418 719
494 719
673 719
127 720
223 720
412 720
687 720
715 720
36 721
115 721
147 721
318 721
323 721
570 721
581 721
703 721
25 722
112 722
168 722
198 722
253 722
366 722
565 722
622 722
32 723
44 723
237 723
317 723
387 723
602 723
3 724
223 724
329 724
410 724
426 724
496 724
34 725
213 725
96 726
219 726
264 726
310 726
313 726
326 726
510 726
693 726
11 727
47 727
53 727
95 727
409 727
436 727
536 727
660 727
246 728
456 728
505 728
650 728
180 729
223 729
269 729
299 729
310 729
452 729
501 729
688 729
693 729
712 729
722 729
