100
36
205
84
197
43
57
110
207
198
122
47
129
45
196
206
5
170
195
119
99
131
120
172
153
180
58
138
31
64
40
35
106
147
137
30
4
89
132
27
6
91
54
192
67
8
12
164
55
187
95
139
62
115
49
10
114
157
15
184
76
200
23
105
124
78
32
77
203
175
22
75
1
25
38
97
140
28
148
128
98
156
199
79
150
116
117
146
65
118
185
113
29
176
51
125
178
18
21
90
42
189
37
108
112
104
158
61
163
135
63
188
179
73
168
86
87
162
204
190
149
11
14
121
154
193
34
71
13
151
24
174
81
80
123
152
111
17
52
101
191
59
186
177
33
161
93
103
181
39
130
136
127
20
9
82
68
107
72
85
44
56
66
202
155
46
142
74
173
165
3
83
169
96
70
94
144
201
50
26
7
109
53
182
167
143
183
69
102
134
141
166
41
145
19
60
126
133
171
88
2
159
160
194
48
16
92
