207 581
1 5
7 9
3 10
3 15
1 16
5 17
4 20
18 23
19 30
28 31
29 31
32 35
2 36
30 36
4 37
18 37
36 37
4 38
17 38
21 38
4 40
7 40
13 40
27 40
31 40
6 41
19 41
27 41
6 43
11 43
14 45
29 45
34 45
8 46
28 46
40 46
12 47
44 49
38 50
8 53
24 53
20 54
43 54
6 55
49 55
10 56
7 57
22 57
27 58
46 58
15 59
16 60
51 60
39 62
53 62
23 63
30 64
1 65
29 65
12 67
19 67
32 67
45 67
49 67
21 70
22 71
30 71
22 72
48 72
1 73
29 73
62 73
25 74
38 75
72 75
61 76
68 77
28 78
66 78
32 81
16 82
43 83
73 83
4 84
79 84
2 85
57 85
34 86
2 87
12 87
5 88
6 88
30 88
33 89
38 89
51 89
65 89
70 89
74 89
76 89
83 90
32 91
42 91
4 92
29 93
77 94
43 95
51 95
54 95
54 96
11 97
74 97
76 97
18 98
81 98
21 99
1 100
15 100
51 100
67 100
82 100
90 100
6 101
42 101
35 102
36 102
82 102
89 102
19 103
37 103
93 103
18 104
12 105
64 105
73 105
33 106
65 106
86 106
104 106
86 107
6 108
42 108
61 108
97 108
104 108
8 110
49 110
65 110
70 110
10 111
54 111
63 111
74 111
110 111
67 112
105 112
43 113
92 113
12 114
41 114
57 114
63 114
73 114
87 114
13 115
36 115
54 115
86 116
61 117
87 117
105 117
35 118
85 118
90 118
9 119
20 119
51 119
78 119
97 119
23 120
30 120
74 120
11 122
62 122
76 122
117 122
14 123
51 123
101 123
105 123
115 123
37 124
65 124
119 124
121 124
8 125
15 125
42 125
90 125
96 125
109 125
86 126
5 127
34 127
43 127
58 127
71 128
80 128
127 128
13 129
55 129
63 129
124 129
126 129
13 130
15 130
102 130
108 130
117 130
22 131
24 131
65 131
39 132
42 132
106 132
113 132
117 132
125 132
63 133
81 133
130 133
33 134
62 134
80 134
130 134
22 135
110 135
123 135
35 137
62 137
69 137
111 137
125 137
17 138
28 138
34 138
80 138
124 138
52 139
59 139
73 139
91 139
25 140
30 140
62 140
77 140
85 140
101 140
114 140
6 141
36 141
73 141
115 141
120 141
1 142
59 142
70 142
7 144
53 144
54 144
33 145
19 146
83 146
88 146
1 147
18 147
34 147
93 147
104 147
111 147
127 147
15 148
23 148
79 148
103 148
45 149
76 149
121 149
131 149
39 150
56 150
85 150
94 150
95 150
112 150
21 151
130 151
22 152
136 152
25 153
111 153
127 153
149 153
20 154
125 154
9 155
106 155
17 156
26 156
82 156
86 156
100 156
111 156
139 156
52 157
58 157
68 157
134 157
7 158
16 158
66 158
93 158
107 158
141 158
142 158
155 158
21 159
24 159
61 159
65 159
72 159
119 159
156 159
85 160
86 160
120 160
44 161
129 161
146 161
9 162
56 162
118 162
4 163
29 163
66 163
105 163
109 163
48 164
109 164
122 164
27 165
76 165
155 165
12 166
46 166
123 166
52 167
109 167
128 167
142 167
30 168
40 168
74 168
87 168
115 168
22 169
53 169
18 170
40 170
86 170
89 170
94 170
104 170
131 170
148 170
165 170
3 171
106 171
156 171
24 172
28 172
59 172
80 172
83 172
148 172
156 172
159 172
1 173
12 173
37 173
52 173
64 173
71 173
169 173
41 174
59 174
96 174
114 174
132 174
164 174
70 175
105 175
136 175
142 175
8 176
13 176
14 176
59 176
94 176
119 176
153 176
40 177
144 177
97 178
98 178
153 178
50 179
113 179
172 179
22 180
26 180
34 180
90 180
171 180
7 181
21 181
62 181
101 181
149 181
158 181
76 182
109 182
35 183
53 183
67 183
170 183
5 184
60 184
65 184
71 184
98 184
106 184
159 184
178 184
182 184
7 185
91 185
131 185
167 185
22 186
68 186
141 186
143 186
153 186
157 186
20 187
50 187
126 187
183 187
69 188
112 188
20 189
41 189
102 189
117 189
8 190
87 190
113 190
120 190
125 190
134 190
161 190
185 190
83 191
132 191
141 191
21 192
44 192
115 192
166 192
24 193
27 193
41 193
126 193
172 193
2 194
127 194
145 194
19 195
35 195
59 195
139 195
15 196
60 196
69 196
70 196
125 196
127 196
157 196
2 197
5 197
17 197
25 197
40 197
70 197
124 197
126 197
165 197
10 198
39 198
56 198
77 198
91 198
133 198
146 198
168 198
174 198
196 198
12 199
51 199
83 199
129 199
142 199
163 199
171 199
7 200
28 200
62 200
88 200
2 201
36 201
44 201
50 201
166 201
178 201
52 202
83 202
159 202
164 202
178 202
186 202
5 203
32 203
50 203
69 203
95 203
97 203
115 203
120 203
135 203
160 203
27 204
102 204
119 204
134 204
159 204
166 204
186 204
194 204
3 205
30 205
33 205
48 205
58 205
121 205
135 205
144 205
16 206
51 206
95 206
98 206
181 206
9 207
10 207
26 207
75 207
92 207
104 207
134 207
140 207
188 207
