283 842
5 10
8 11
14 15
8 18
20 22
23 24
10 26
14 27
5 28
27 33
7 34
24 35
34 39
38 39
8 40
27 40
10 42
37 43
6 44
17 45
32 46
8 47
31 47
21 48
6 49
43 49
20 51
16 52
25 53
48 53
50 53
17 55
3 56
10 56
36 56
14 57
18 58
14 62
56 62
42 64
39 65
13 66
31 66
6 67
40 67
56 67
14 68
6 70
18 70
26 70
61 70
37 71
52 72
35 73
59 75
57 76
64 77
70 77
12 80
48 80
52 81
78 81
80 81
49 82
73 82
43 83
3 84
34 84
47 84
39 85
46 85
65 85
18 86
27 86
82 87
8 88
17 88
15 89
23 89
50 89
55 89
57 89
2 90
4 90
5 90
27 90
76 90
80 91
10 92
67 92
73 92
85 93
53 94
30 95
46 95
16 96
38 96
51 96
66 96
61 98
7 99
49 99
28 100
30 102
47 102
54 103
78 103
82 103
25 104
49 104
53 104
59 104
73 104
59 105
46 106
84 107
39 108
84 108
88 108
89 108
30 109
32 109
71 109
3 110
60 110
86 110
91 110
50 111
54 111
110 111
24 112
28 112
30 113
22 114
20 115
39 115
101 115
13 116
38 116
79 116
55 117
15 118
33 118
65 118
85 118
102 118
27 119
75 119
35 121
102 121
24 122
36 122
52 122
63 122
27 123
44 123
73 123
34 124
14 125
39 125
43 125
65 125
119 125
46 126
103 126
46 128
99 128
23 129
33 129
15 130
20 130
24 130
79 130
95 130
11 131
33 131
95 131
42 133
68 133
125 133
26 134
70 134
131 134
11 135
59 135
121 135
34 136
118 136
135 136
65 137
85 137
89 137
96 137
103 137
66 138
74 138
50 139
93 139
94 139
134 139
124 140
133 140
95 141
23 142
137 143
116 144
136 144
142 144
88 145
103 145
26 146
28 146
36 146
58 146
63 146
70 146
10 147
36 147
70 147
100 147
141 147
33 149
112 149
50 151
86 151
108 151
137 151
93 152
46 153
54 153
94 153
124 153
2 154
52 154
63 154
83 154
120 154
122 154
27 155
31 155
104 155
32 156
56 156
94 156
120 156
135 156
28 157
46 157
77 157
90 157
101 158
121 158
50 159
63 159
124 159
153 160
34 161
90 161
25 162
69 162
77 162
118 162
142 162
146 162
148 162
87 163
106 163
155 163
156 163
72 164
83 164
78 165
103 165
109 165
27 166
42 166
138 166
148 166
161 166
163 166
54 167
112 167
137 167
158 167
43 168
65 168
76 168
86 168
114 168
153 168
101 169
132 169
133 169
2 170
36 170
63 170
120 170
134 170
48 171
109 171
166 171
65 172
112 172
63 173
108 173
118 173
20 174
41 174
90 174
103 174
130 174
140 174
135 175
47 176
118 176
154 176
173 176
10 177
39 177
79 177
162 177
36 178
116 178
47 179
127 179
21 180
44 180
93 180
165 180
1 181
33 181
84 181
135 181
45 182
73 182
94 182
12 183
30 183
68 183
109 183
24 184
43 184
19 185
132 185
136 185
165 185
3 186
13 186
23 186
157 186
86 187
158 187
32 189
42 190
66 190
76 190
8 191
21 191
24 191
124 191
145 191
157 191
169 191
2 192
4 192
20 192
43 192
74 192
78 192
126 192
166 192
62 193
78 193
110 193
154 193
189 193
50 194
78 194
79 194
133 194
140 194
191 194
69 195
135 195
150 195
156 195
178 195
185 195
24 196
67 196
70 196
126 196
129 196
184 196
189 196
17 197
59 197
100 197
122 197
152 197
176 197
184 197
101 198
108 198
170 198
37 199
89 199
9 200
15 200
43 200
55 200
33 201
46 201
55 201
61 201
73 201
75 201
21 202
3 203
47 203
75 203
92 203
105 203
54 204
156 204
202 204
203 204
25 205
93 205
99 205
195 205
134 206
159 206
171 206
45 207
72 207
102 207
118 207
191 207
193 207
67 208
187 208
197 208
4 209
55 209
63 209
72 209
93 209
122 209
85 210
130 210
157 210
38 211
62 211
92 211
54 212
168 212
191 212
193 212
194 212
33 213
121 213
132 213
190 213
208 213
22 214
98 214
138 214
143 214
146 214
2 215
23 215
31 215
45 215
48 215
58 215
116 215
121 215
179 215
212 215
14 217
63 217
150 217
165 217
202 217
64 218
79 218
107 218
130 218
135 218
190 218
212 218
25 219
58 219
145 219
157 219
160 219
183 219
200 219
65 220
139 220
193 220
194 220
214 220
137 221
10 222
54 222
78 222
105 222
165 222
168 222
219 222
5 223
114 223
218 223
12 224
24 224
34 224
35 224
48 224
80 224
102 224
112 224
214 224
23 225
79 225
89 225
122 225
131 225
148 225
25 226
89 226
24 227
64 227
22 228
24 228
36 228
58 228
174 228
202 228
1 229
7 229
56 229
94 229
124 229
134 229
1 230
40 230
97 230
99 230
111 230
127 230
143 230
155 230
171 230
19 231
27 231
91 231
115 231
122 231
137 231
24 232
82 232
84 232
155 232
9 233
85 233
113 233
122 233
225 233
16 234
27 234
78 234
80 234
160 234
90 235
110 235
132 235
161 235
210 235
221 235
222 235
60 236
210 236
211 236
50 237
74 237
76 237
79 237
93 237
112 237
162 237
202 237
98 238
24 239
41 239
92 239
97 239
132 239
183 239
232 239
124 240
186 240
212 240
234 240
48 241
73 241
148 241
148 242
160 242
184 242
201 242
78 243
94 243
149 243
174 243
185 243
53 244
77 244
125 244
126 244
151 244
211 244
239 244
47 245
105 245
131 245
155 245
158 245
203 245
2 246
80 246
104 246
144 246
61 247
82 247
96 247
103 247
173 247
188 248
6 249
63 249
121 249
133 249
147 249
161 249
18 250
47 250
148 250
166 250
110 251
115 251
154 251
57 252
65 252
104 252
165 252
173 252
231 252
2 253
3 253
41 253
58 253
85 253
162 253
183 253
232 253
237 253
59 254
76 254
81 254
109 254
172 254
67 255
97 255
136 255
185 255
248 255
14 256
63 256
86 256
117 256
144 256
165 256
234 256
245 256
56 257
207 257
215 257
88 258
95 258
152 258
210 258
231 258
10 259
19 259
61 259
117 259
131 259
187 259
252 259
257 259
75 260
85 260
90 260
146 260
201 260
214 260
224 260
230 260
242 260
1 261
19 261
58 261
144 261
2 262
10 262
71 262
120 262
183 262
221 262
56 263
65 263
91 263
220 263
262 263
43 264
96 264
124 264
23 265
32 265
41 265
99 265
230 265
18 266
50 266
90 266
128 266
160 266
219 266
236 266
49 267
141 267
156 267
219 267
2 268
66 268
85 268
101 268
170 268
248 268
34 269
155 269
179 269
211 269
253 269
260 269
17 270
88 270
101 270
113 270
132 270
143 270
160 270
199 270
259 270
14 271
56 271
112 271
149 271
163 271
189 271
255 271
199 272
201 272
252 272
263 272
82 273
146 273
209 273
252 273
53 274
99 274
125 274
180 274
201 274
214 274
272 274
19 275
119 275
137 275
189 275
93 276
114 276
194 276
11 277
118 277
123 277
126 277
157 277
165 277
177 277
216 277
221 277
246 277
74 278
75 278
100 278
137 278
162 278
164 278
54 279
195 279
47 280
98 280
129 280
213 280
246 280
261 280
15 281
61 281
156 281
232 281
44 282
59 282
110 282
122 282
125 282
179 282
236 282
238 282
251 282
50 283
80 283
85 283
120 283
149 283
152 283
155 283
185 283
246 283
258 283
